id1,id2,boundary
1,0,0.0013746965
2,0,0.000332923
3,0,8.739630000000001e-05
4,0,1.0804400000000001e-05
6,0,0.0015077852
7,0,0.0015003736000000001
8,0,0.0001392475
13,0,0.00016242560000000002
14,0,0.00036644250000000003
15,0,7.22884e-05
20,0,3.0003800000000002e-05
21,0,4.12624e-05
22,0,9.21256e-05
23,0,0.000127548
24,0,1.6104e-06
30,0,1.45758e-05
31,0,2.96425e-05
32,0,4.06798e-05
33,0,5.92608e-05
34,0,4.47107e-05
41,0,1.01132e-05
42,0,1.42853e-05
43,0,1.77341e-05
44,0,2.27269e-05
45,0,3.00322e-05
46,0,2.63668e-05
47,0,8.135800000000001e-06
56,0,9.9302e-06
57,0,1.19984e-05
58,0,1.39841e-05
59,0,1.65444e-05
60,0,1.0386400000000001e-05
61,0,7.727e-07
70,0,7.3868e-06
71,0,8.5939e-06
72,0,1.0075000000000001e-05
73,0,9.3274e-06
74,0,3.9760000000000006e-06
86,0,6.4581e-06
87,0,7.4363e-06
88,0,5.7783e-06
89,0,1.2183e-06
102,0,6.4828e-06
103,0,5.4859e-06
118,0,5.727e-06
119,0,6.3843e-06
120,0,2.41e-08
134,0,4.5652e-06
135,0,5.759e-06
136,0,1.6156e-06
151,0,4.5462e-06
152,0,5.0784e-06
153,0,1.6169000000000001e-06
168,0,4.0884000000000005e-06
169,0,4.568200000000001e-06
170,0,1.7875e-06
186,0,3.6965e-06
187,0,4.0276e-06
188,0,1.5896e-06
203,0,3.7122000000000002e-06
204,0,2.2578000000000002e-06
218,0,2.7108e-06
231,0,2.9144e-06
232,0,1.347e-07
243,0,1.9066e-06
253,0,3.0435e-06
254,0,3.328e-07
263,0,2.837e-06
264,0,1.0235e-06
273,0,1.0419000000000001e-06
280,0,1.2087e-06
288,0,1.1307e-06
296,0,1.669e-06
304,0,1.6212e-06
305,0,9.143000000000001e-07
313,0,5.748e-07
314,0,8.95e-08
321,0,1.1422e-06
322,0,3.011e-07
330,0,1.2819e-06
331,0,7.710000000000001e-08
339,0,5.522e-07
350,0,3.726e-07
359,0,1.1261000000000001e-06
368,0,3.397e-07
376,0,7.136e-07
384,0,4.873e-07
392,0,4.51e-07
393,0,1.071e-07
400,0,1.815e-07
408,0,4.4100000000000004e-08
0,1,0.0013746965
2,1,0.0013316764
3,1,0.0001966395
4,1,1.9207600000000002e-05
6,1,0.00035973390000000003
7,1,0.0003584622
8,1,0.0001393048
13,1,8.99554e-05
14,1,0.0001579109
15,1,3.12159e-05
20,1,2.2776800000000002e-05
21,1,2.9976000000000002e-05
22,1,5.81322e-05
23,1,7.00883e-05
24,1,8.862e-07
30,1,1.19813e-05
31,1,2.2537500000000002e-05
32,1,2.96147e-05
33,1,4.06353e-05
34,1,2.8081600000000002e-05
41,1,8.578500000000001e-06
42,1,1.1752e-05
43,1,1.42854e-05
44,1,1.78351e-05
45,1,2.2795600000000002e-05
46,1,1.91524e-05
47,1,5.5616e-06
56,1,8.427800000000001e-06
57,1,1.0035600000000001e-05
58,1,1.1494300000000001e-05
59,1,1.33132e-05
60,1,8.1403e-06
61,1,5.855e-07
70,1,6.4122e-06
71,1,7.3806e-06
72,1,8.5454e-06
73,1,7.796000000000001e-06
74,1,3.2653000000000003e-06
86,1,5.6562e-06
87,1,6.4523e-06
88,1,4.9599000000000006e-06
89,1,1.0327e-06
102,1,5.6756e-06
103,1,4.7579e-06
118,1,5.0536e-06
119,1,5.5871e-06
120,1,2.0900000000000002e-08
134,1,4.0813e-06
135,1,5.0801e-06
136,1,1.4134e-06
151,1,4.0652000000000005e-06
152,1,4.5114000000000005e-06
153,1,1.4258e-06
168,1,3.6765000000000003e-06
169,1,4.0838e-06
170,1,1.5874e-06
186,1,3.3411e-06
187,1,3.621e-06
188,1,1.4206e-06
203,1,3.3545000000000002e-06
204,1,2.0294e-06
218,1,2.4491e-06
231,1,2.6453e-06
232,1,1.217e-07
243,1,1.7303e-06
253,1,2.7739000000000002e-06
254,1,3.0200000000000003e-07
263,1,2.5958e-06
264,1,9.327000000000001e-07
273,1,9.531e-07
280,1,1.1098e-06
288,1,1.0416000000000001e-06
296,1,1.5423e-06
304,1,1.5062e-06
305,1,8.448e-07
313,1,5.34e-07
314,1,8.3e-08
321,1,1.0665e-06
322,1,2.805e-07
330,1,1.1995000000000001e-06
331,1,7.200000000000001e-08
339,1,5.178e-07
350,1,3.494e-07
359,1,1.0578e-06
368,1,3.1900000000000004e-07
376,1,6.714e-07
384,1,4.5930000000000004e-07
392,1,4.258e-07
393,1,1.0090000000000001e-07
400,1,1.714e-07
408,1,4.17e-08
0,2,0.000332923
1,2,0.0013316764
3,2,0.0007790549
4,2,5.06021e-05
5,2,4.4414e-06
6,2,0.0001526769
7,2,0.00034795590000000003
8,2,0.0005692589
9,2,3.81456e-05
10,2,1.04566e-05
11,2,4.5794000000000006e-06
12,2,2.5535e-06
13,2,8.72629e-05
14,2,0.0001532571
15,2,7.02023e-05
17,2,6.4804e-06
18,2,4.7199e-06
19,2,2.6165000000000003e-06
20,2,2.20883e-05
21,2,2.90745e-05
22,2,5.63942e-05
23,2,6.80177e-05
24,2,1.5626e-06
27,2,3.2178e-06
28,2,2.6760000000000003e-06
29,2,1.6906e-06
30,2,1.16173e-05
31,2,2.18562e-05
32,2,2.87239e-05
33,2,3.94213e-05
34,2,2.72508e-05
39,2,1.9451000000000002e-06
40,2,7.978e-07
41,2,8.3177e-06
42,2,1.13949e-05
43,2,1.38527e-05
44,2,1.72969e-05
45,2,2.2110800000000002e-05
46,2,1.85805e-05
47,2,5.3969e-06
56,2,8.1716e-06
57,2,9.731200000000001e-06
58,2,1.1146600000000001e-05
59,2,1.29119e-05
60,2,7.896e-06
61,2,5.68e-07
70,2,6.2171e-06
71,2,7.1566e-06
72,2,8.2866e-06
73,2,7.5605e-06
74,2,3.1670000000000003e-06
86,2,5.4843e-06
87,2,6.256700000000001e-06
88,2,4.8099e-06
89,2,1.0016e-06
102,2,5.5037e-06
103,2,4.6141000000000004e-06
118,2,4.9007e-06
119,2,5.4185e-06
120,2,2.03e-08
134,2,3.958e-06
135,2,4.9269e-06
136,2,1.3708e-06
151,2,3.9424e-06
152,2,4.3754000000000005e-06
153,2,1.3830000000000001e-06
168,2,3.5655e-06
169,2,3.9608e-06
170,2,1.5397e-06
186,2,3.2403e-06
187,2,3.5120000000000004e-06
188,2,1.3780000000000002e-06
203,2,3.2536e-06
204,2,1.9684e-06
218,2,2.3756e-06
231,2,2.566e-06
232,2,1.181e-07
243,2,1.6785000000000001e-06
253,2,2.6909e-06
254,2,2.9290000000000004e-07
263,2,2.5181e-06
264,2,9.049e-07
273,2,9.247e-07
280,2,1.0767e-06
288,2,1.0105000000000001e-06
296,2,1.4963e-06
304,2,1.4613e-06
305,2,8.197000000000001e-07
313,2,5.181000000000001e-07
314,2,8.05e-08
321,2,1.0346e-06
322,2,2.721e-07
330,2,1.1637e-06
331,2,6.99e-08
339,2,5.023e-07
350,2,3.389e-07
359,2,1.0263e-06
368,2,3.095e-07
376,2,6.514e-07
384,2,4.456e-07
392,2,4.131e-07
393,2,9.790000000000001e-08
400,2,1.663e-07
408,2,4.0400000000000004e-08
0,3,8.739630000000001e-05
1,3,0.0001966395
2,3,0.0007790549
4,3,0.0006130311
5,3,0.0001470077
6,3,5.03465e-05
7,3,8.997580000000001e-05
8,3,9.27306e-05
9,3,0.0005624063
10,3,0.0006434859
11,3,0.000153826
12,3,6.7273e-05
13,3,3.26933e-05
14,3,5.0161500000000004e-05
15,3,1.78795e-05
17,3,9.543980000000001e-05
18,3,0.0001609096
19,3,6.94383e-05
20,3,1.02463e-05
21,3,1.3046e-05
22,3,2.29276e-05
23,3,2.5371200000000002e-05
24,3,5.077e-07
27,3,4.73727e-05
28,3,7.15323e-05
29,3,3.93691e-05
30,3,5.7433000000000006e-06
31,3,1.0150800000000001e-05
32,3,1.29087e-05
33,3,1.69648e-05
34,3,1.10474e-05
39,3,2.8630200000000002e-05
40,3,1.86565e-05
41,3,4.2223e-06
42,3,5.637100000000001e-06
43,3,6.735700000000001e-06
44,3,8.2359e-06
45,3,1.0257300000000001e-05
46,3,8.3379e-06
47,3,2.3179000000000003e-06
56,3,4.1501e-06
57,3,4.8816e-06
58,3,5.5109e-06
59,3,6.273700000000001e-06
60,3,3.7563e-06
61,3,2.6320000000000003e-07
70,3,3.2196e-06
71,3,3.672e-06
72,3,4.2067e-06
73,3,3.7908e-06
74,3,1.5649e-06
86,3,2.8625e-06
87,3,3.2391e-06
88,3,2.4670000000000003e-06
89,3,5.082000000000001e-07
102,3,2.8718e-06
103,3,2.3880000000000003e-06
118,3,2.5752e-06
119,3,2.8266e-06
120,3,1.05e-08
134,3,2.1043e-06
135,3,2.5884e-06
136,3,7.15e-07
151,3,2.0964e-06
152,3,2.3132e-06
153,3,7.264e-07
168,3,1.9057e-06
169,3,2.1059e-06
170,3,8.139000000000001e-07
186,3,1.7399e-06
187,3,1.8768e-06
188,3,7.325e-07
203,3,1.7468000000000002e-06
204,3,1.0518e-06
218,3,1.2753e-06
231,3,1.3834e-06
232,3,6.34e-08
243,3,9.048e-07
253,3,1.4562000000000001e-06
254,3,1.579e-07
263,3,1.3676e-06
264,3,4.896e-07
273,3,5.022e-07
280,3,5.867e-07
288,3,5.523e-07
296,3,8.201e-07
304,3,8.05e-07
305,3,4.4930000000000003e-07
313,3,2.855e-07
314,3,4.42e-08
321,3,5.726e-07
322,3,1.5030000000000002e-07
330,3,6.453e-07
331,3,3.87e-08
339,3,2.791e-07
350,3,1.883e-07
359,3,5.712e-07
368,3,1.723e-07
376,3,3.632e-07
384,3,2.488e-07
392,3,2.311e-07
393,3,5.47e-08
400,3,9.300000000000001e-08
408,3,2.26e-08
0,4,1.0804400000000001e-05
1,4,1.9207600000000002e-05
2,4,5.06021e-05
3,4,0.0006130311
5,4,0.0012016449
6,4,7.0499e-06
7,4,1.10402e-05
8,4,1.92718e-05
9,4,0.0002744461
10,4,0.0013176292000000001
11,4,0.0013150348000000001
12,4,0.000313908
13,4,4.9602e-06
14,4,6.9929e-06
15,4,2.1775e-06
17,4,0.0001952268
18,4,0.000329154
19,4,0.0003288542
20,4,1.8153e-06
21,4,2.2518e-06
22,4,3.6789e-06
23,4,3.8381e-06
24,4,7.05e-08
27,4,9.68712e-05
28,4,0.0001462762
29,4,0.0001461919
30,4,1.072e-06
31,4,1.8001000000000001e-06
32,4,2.2308e-06
33,4,2.8369e-06
34,4,1.7690000000000001e-06
39,4,5.85355e-05
40,4,3.81441e-05
41,4,8.061e-07
42,4,1.0527e-06
43,4,1.2399e-06
44,4,1.4901000000000001e-06
45,4,1.8173000000000002e-06
46,4,1.4393000000000001e-06
47,4,3.87e-07
56,4,7.926e-07
57,4,9.225000000000001e-07
58,4,1.0287e-06
59,4,1.1541e-06
60,4,6.791e-07
61,4,4.66e-08
70,4,6.255e-07
71,4,7.076e-07
72,4,8.031e-07
73,4,7.161e-07
74,4,2.919e-07
86,4,5.599e-07
87,4,6.291e-07
88,4,4.752e-07
89,4,9.700000000000001e-08
102,4,5.616e-07
103,4,4.637e-07
118,4,5.068000000000001e-07
119,4,5.527e-07
120,4,2e-09
134,4,4.185e-07
135,4,5.093e-07
136,4,1.398e-07
151,4,4.1700000000000004e-07
152,4,4.5770000000000003e-07
153,4,1.4290000000000002e-07
168,4,3.808e-07
169,4,4.188e-07
170,4,1.61e-07
186,4,3.491e-07
187,4,3.75e-07
188,4,1.4570000000000001e-07
203,4,3.505e-07
204,4,2.101e-07
218,4,2.559e-07
231,4,2.786e-07
232,4,1.2700000000000001e-08
243,4,1.822e-07
253,4,2.9430000000000003e-07
254,4,3.18e-08
263,4,2.7730000000000003e-07
264,4,9.9e-08
273,4,1.018e-07
280,4,1.1930000000000002e-07
288,4,1.1270000000000001e-07
296,4,1.677e-07
304,4,1.654e-07
305,4,9.190000000000001e-08
313,4,5.87e-08
314,4,9.1e-09
321,4,1.182e-07
322,4,3.09e-08
330,4,1.3340000000000002e-07
331,4,8e-09
339,4,5.78e-08
350,4,3.9000000000000005e-08
359,4,1.1850000000000001e-07
368,4,3.57e-08
376,4,7.550000000000001e-08
384,4,5.18e-08
392,4,4.82e-08
393,4,1.1400000000000001e-08
400,4,1.9400000000000002e-08
408,4,4.7e-09
2,5,4.4414e-06
3,5,0.0001470077
4,5,0.0012016449
8,5,7.405200000000001e-06
9,5,0.0001374275
10,5,0.00035989700000000003
11,5,0.0015068315
12,5,0.0015020847000000001
17,5,9.628780000000001e-05
18,5,0.00037681300000000004
19,5,0.00037647550000000004
27,5,0.0001108633
28,5,0.0001674061
29,5,0.0001673113
39,5,6.69806e-05
40,5,4.36476e-05
88,5,0.0
103,5,0.0
104,5,0.0
105,5,0.0
120,5,0.0
136,5,0.0
0,6,0.0015077852
1,6,0.00035973390000000003
2,6,0.0001526769
3,6,5.03465e-05
4,6,7.0499e-06
7,6,0.001373833
8,6,0.0001333108
13,6,0.0003599092
14,6,0.001464067
15,6,6.919100000000001e-05
20,6,4.0668200000000005e-05
21,6,5.9241500000000005e-05
22,6,0.000162556
23,6,0.0002869093
24,6,3.6209e-06
30,6,1.79279e-05
31,6,4.00989e-05
32,6,5.82414e-05
33,6,9.21913e-05
34,6,7.94836e-05
41,6,1.19979e-05
42,6,1.7554e-05
43,6,2.234e-05
44,6,2.95503e-05
45,6,4.07131e-05
46,6,3.7861700000000004e-05
47,6,1.2713e-05
56,6,1.17738e-05
57,6,1.4464e-05
58,6,1.72014e-05
59,6,2.08674e-05
60,6,1.3526300000000001e-05
61,6,1.0497e-06
70,6,8.5405e-06
71,6,1.00548e-05
72,6,1.19536e-05
73,6,1.1253300000000001e-05
74,6,4.8956e-06
86,6,7.3943000000000005e-06
87,6,8.6021e-06
88,6,6.7645e-06
89,6,1.4464e-06
102,6,7.4258e-06
103,6,6.3491e-06
118,6,6.504000000000001e-06
119,6,7.316000000000001e-06
120,6,2.8000000000000003e-08
134,6,5.1123e-06
135,6,6.5428e-06
136,6,1.8522e-06
151,6,5.0899e-06
152,6,5.7258e-06
153,6,1.8376e-06
168,6,4.5500000000000005e-06
169,6,5.1159000000000004e-06
170,6,2.0159e-06
186,6,4.0917e-06
187,6,4.4834e-06
188,6,1.7806000000000002e-06
203,6,4.1100000000000005e-06
204,6,2.5139e-06
218,6,3.0019e-06
231,6,3.2115e-06
232,6,1.493e-07
243,6,2.1013e-06
253,6,3.3394e-06
254,6,3.6680000000000003e-07
263,6,3.1001e-06
264,6,1.1232e-06
273,6,1.1386e-06
280,6,1.3161e-06
288,6,1.2269e-06
296,6,1.8052e-06
304,6,1.7437000000000001e-06
305,6,9.891e-07
313,6,6.181000000000001e-07
314,6,9.66e-08
321,6,1.2224000000000001e-06
322,6,3.23e-07
330,6,1.3688000000000001e-06
331,6,8.26e-08
339,6,5.884000000000001e-07
350,6,3.9710000000000003e-07
359,6,1.1977e-06
368,6,3.6130000000000004e-07
376,6,7.576000000000001e-07
384,6,5.164e-07
392,6,4.772000000000001e-07
393,6,1.135e-07
400,6,1.921e-07
408,6,4.66e-08
0,7,0.0015003736000000001
1,7,0.0003584622
2,7,0.00034795590000000003
3,7,8.997580000000001e-05
4,7,1.10402e-05
6,7,0.001373833
8,7,0.0005320559
13,7,0.0003595808
14,7,0.0014647263
15,7,0.0002885822
20,7,4.05959e-05
21,7,5.91416e-05
22,7,0.0001623382
23,7,0.0002866561
24,7,3.6177e-06
25,7,1.7000000000000001e-09
30,7,1.78934e-05
31,7,4.00275e-05
32,7,5.81429e-05
33,7,9.20479e-05
34,7,7.93782e-05
35,7,3e-10
36,7,4e-10
37,7,8e-10
41,7,1.19742e-05
42,7,1.7520200000000002e-05
43,7,2.2297800000000002e-05
44,7,2.94961e-05
45,7,4.06407e-05
46,7,3.77978e-05
47,7,1.2693300000000001e-05
56,7,1.17505e-05
57,7,1.44357e-05
58,7,1.71683e-05
59,7,2.0828e-05
60,7,1.3501400000000001e-05
61,7,1.0478e-06
64,7,2e-10
70,7,8.5233e-06
71,7,1.00347e-05
72,7,1.1930000000000001e-05
73,7,1.12314e-05
74,7,4.8862e-06
86,7,7.379300000000001e-06
87,7,8.5848e-06
88,7,6.751e-06
89,7,1.4436e-06
102,7,7.4107e-06
103,7,6.336300000000001e-06
118,7,6.4907e-06
119,7,7.3012000000000005e-06
120,7,2.7900000000000002e-08
134,7,5.1018e-06
135,7,6.5294000000000005e-06
136,7,1.8484000000000002e-06
151,7,5.0794e-06
152,7,5.7141e-06
153,7,1.8339000000000001e-06
168,7,4.5405e-06
169,7,5.1054e-06
170,7,2.0118e-06
186,7,4.0832e-06
187,7,4.4741e-06
188,7,1.777e-06
203,7,4.1014e-06
204,7,2.5087000000000002e-06
218,7,2.9957e-06
231,7,3.2048000000000002e-06
232,7,1.4890000000000002e-07
243,7,2.097e-06
253,7,3.3324e-06
254,7,3.6610000000000003e-07
263,7,3.0936e-06
264,7,1.1209000000000001e-06
273,7,1.1363e-06
280,7,1.3133e-06
288,7,1.2243e-06
296,7,1.8014e-06
304,7,1.74e-06
305,7,9.87e-07
313,7,6.168000000000001e-07
314,7,9.64e-08
321,7,1.2198e-06
322,7,3.223e-07
330,7,1.3659000000000001e-06
331,7,8.24e-08
339,7,5.872000000000001e-07
350,7,3.963e-07
359,7,1.1952e-06
368,7,3.6050000000000003e-07
376,7,7.56e-07
384,7,5.153000000000001e-07
392,7,4.7620000000000004e-07
393,7,1.1320000000000001e-07
400,7,1.917e-07
408,7,4.65e-08
0,8,0.0001392475
1,8,0.0001393048
2,8,0.0005692589
3,8,9.27306e-05
4,8,1.92718e-05
5,8,7.405200000000001e-06
6,8,0.0001333108
7,8,0.0005320559
9,8,0.0001941089
10,8,2.89722e-05
11,8,1.2875700000000001e-05
12,8,7.232100000000001e-06
13,8,6.11131e-05
14,8,0.0001409224
15,8,0.0007561612
16,8,0.0007952216
17,8,9.546750000000001e-05
18,8,1.32714e-05
19,8,7.4116e-06
20,8,1.1481e-05
21,8,1.57565e-05
22,8,3.4922700000000004e-05
23,8,6.84818e-05
24,8,0.0001988104
25,8,0.0001986714
26,8,0.0001988526
27,8,3.38768e-05
28,8,7.5809000000000006e-06
29,8,4.8104000000000006e-06
30,8,5.5987e-06
31,8,1.1343600000000001e-05
32,8,1.55356e-05
33,8,2.25664e-05
34,8,4.25725e-05
35,8,8.85402e-05
36,8,8.84424e-05
37,8,8.82778e-05
38,8,4.73354e-05
39,8,1.71459e-05
40,8,2.2703e-06
41,8,3.8904e-06
42,8,5.4873e-06
43,8,6.8057e-06
44,8,8.7115e-06
45,8,1.14944e-05
46,8,1.78532e-05
47,8,3.0226100000000002e-05
48,8,4.9852900000000005e-05
49,8,4.9821e-05
50,8,4.9791000000000005e-05
51,8,3.78503e-05
52,8,1.3277500000000001e-05
56,8,3.8201e-06
57,8,4.6128e-06
58,8,5.3722e-06
59,8,7.1686e-06
60,8,1.0622100000000001e-05
61,8,1.57822e-05
62,8,2.1848e-05
63,8,3.1912900000000004e-05
64,8,3.18494e-05
65,8,2.9771000000000003e-05
66,8,9.4451e-06
70,8,2.8447e-06
71,8,3.3081e-06
72,8,3.8762e-06
73,8,5.0343e-06
74,8,7.1602000000000005e-06
75,8,9.5804e-06
76,8,1.2209700000000001e-05
77,8,1.6091000000000002e-05
78,8,2.2166600000000002e-05
79,8,2.21567e-05
80,8,1.0197e-05
86,8,2.4882e-06
87,8,2.864e-06
88,8,3.0855e-06
89,8,5.1852e-06
90,8,6.4019000000000005e-06
91,8,7.7867e-06
92,8,9.6747e-06
93,8,1.2343e-05
94,8,1.4821000000000001e-05
95,8,1.6151000000000002e-05
96,8,7.5152000000000005e-06
102,8,2.4979000000000003e-06
103,8,2.113e-06
104,8,6.180000000000001e-07
105,8,5.1055000000000005e-06
106,8,6.4536e-06
107,8,7.8548e-06
108,8,5.9521e-06
109,8,1.233e-06
110,8,5.494e-07
111,8,8.248e-07
118,8,2.2076000000000003e-06
119,8,2.4602e-06
120,8,1.159e-06
121,8,4.5227e-06
122,8,5.4358000000000005e-06
123,8,4.5583e-06
124,8,7.433e-07
134,8,1.7609000000000002e-06
135,8,2.2201e-06
136,8,1.6749e-06
137,8,3.9849e-06
138,8,3.6359e-06
139,8,8.946000000000001e-07
151,8,1.7536e-06
152,8,1.9585e-06
153,8,1.3531e-06
154,8,3.4785000000000002e-06
155,8,1.3666e-06
168,8,1.5775000000000001e-06
169,8,1.7623e-06
170,8,1.1618e-06
171,8,3.0629e-06
172,8,1.1013e-06
186,8,1.4267e-06
187,8,1.5542e-06
188,8,6.431e-07
189,8,2.6917e-06
190,8,1.0088e-06
203,8,1.4328e-06
204,8,8.713e-07
205,8,1.7215000000000002e-06
206,8,1.2806e-06
218,8,1.0464e-06
219,8,7.030000000000001e-07
220,8,2.0615e-06
231,8,1.1252e-06
232,8,7.91e-08
233,8,1.75e-06
234,8,1.896e-07
243,8,7.362e-07
245,8,3e-10
253,8,1.1754e-06
254,8,1.285e-07
263,8,1.0958e-06
264,8,3.953e-07
273,8,4.025e-07
280,8,4.6700000000000004e-07
288,8,4.369e-07
296,8,6.450000000000001e-07
304,8,6.267000000000001e-07
305,8,3.5340000000000003e-07
313,8,2.2220000000000002e-07
314,8,3.46e-08
321,8,4.4160000000000004e-07
322,8,1.1640000000000001e-07
330,8,4.957e-07
331,8,2.9800000000000002e-08
339,8,2.136e-07
350,8,1.441e-07
359,8,4.356e-07
368,8,1.314e-07
376,8,2.7600000000000004e-07
384,8,1.885e-07
392,8,1.745e-07
393,8,4.14e-08
400,8,7.02e-08
408,8,1.71e-08
2,9,3.81456e-05
3,9,0.0005624063
4,9,0.0002744461
5,9,0.0001374275
8,9,0.0001941089
10,9,0.0012007705
11,9,0.00030017360000000003
12,9,0.0001332178
14,9,5.393000000000001e-07
15,9,3.72114e-05
16,9,0.00019279330000000002
17,9,0.0008559796000000001
18,9,0.0003139244
19,9,0.0001375139
23,9,2.7467e-06
24,9,2.05973e-05
25,9,4.81101e-05
26,9,4.81549e-05
27,9,0.00023109860000000002
28,9,0.00014167150000000001
29,9,7.85526e-05
34,9,3.9145e-06
35,9,1.1783300000000001e-05
36,9,2.14089e-05
37,9,2.1369300000000002e-05
38,9,1.14586e-05
39,9,0.0001088422
40,9,3.72303e-05
46,9,1.3717000000000001e-06
47,9,4.5044000000000004e-06
48,9,7.5841e-06
49,9,1.2057600000000001e-05
50,9,1.2050500000000001e-05
51,9,9.1607e-06
52,9,3.2135000000000002e-06
59,9,1.597e-07
60,9,1.2616000000000001e-06
61,9,2.8462e-06
62,9,3.8433e-06
63,9,5.2843e-06
64,9,7.7072e-06
65,9,7.2044e-06
66,9,2.2857e-06
73,9,2.932e-07
74,9,1.1208000000000001e-06
75,9,1.8666e-06
76,9,2.3172e-06
77,9,2.9532e-06
78,9,3.8919e-06
79,9,5.3613e-06
80,9,2.4674000000000003e-06
88,9,1.79e-07
89,9,9.685000000000001e-07
90,9,1.2955000000000001e-06
91,9,1.5484e-06
92,9,1.8834e-06
93,9,2.34e-06
94,9,2.7163e-06
95,9,3.9079e-06
96,9,1.8184e-06
104,9,1.284e-07
105,9,1.0479e-06
106,9,1.3052e-06
107,9,1.5609e-06
108,9,1.1577e-06
109,9,2.3350000000000002e-07
110,9,1.329e-07
111,9,1.9960000000000001e-07
120,9,2.4140000000000003e-07
121,9,9.395000000000001e-07
122,9,1.1152000000000001e-06
123,9,9.214000000000001e-07
124,9,1.476e-07
136,9,2.2300000000000002e-07
137,9,8.365000000000001e-07
138,9,7.550000000000001e-07
139,9,1.835e-07
153,9,1.559e-07
154,9,7.369e-07
155,9,2.868e-07
170,9,1.0160000000000001e-07
171,9,6.541e-07
172,9,2.332e-07
188,9,6.5e-09
189,9,5.789e-07
190,9,2.154e-07
205,9,3.726e-07
206,9,2.754e-07
219,9,1.53e-07
220,9,4.461e-07
232,9,5.9e-09
233,9,3.8090000000000003e-07
234,9,4.1e-08
245,9,1e-10
2,10,1.04566e-05
3,10,0.0006434859
4,10,0.0013176292000000001
5,10,0.00035989700000000003
8,10,2.89722e-05
9,10,0.0012007705
11,10,0.0013766898
12,10,0.0003436754
17,10,0.0008934373000000001
18,10,0.0015048464000000001
19,10,0.0003599555
27,10,0.0002492831
28,10,0.0003763004
29,10,0.00016244800000000001
39,10,0.0001190182
40,10,7.75454e-05
2,11,4.5794000000000006e-06
3,11,0.000153826
4,11,0.0013150348000000001
5,11,0.0015068315
8,11,1.2875700000000001e-05
9,11,0.00030017360000000003
10,11,0.0013766898
12,11,0.0013746160000000002
17,11,0.0002134709
18,11,0.0015076067000000001
19,11,0.0015049077
27,11,0.00024950090000000003
28,11,0.0003766352
29,11,0.0003763155
39,11,0.00011908530000000001
40,11,7.759000000000001e-05
88,11,0.0
103,11,0.0
104,11,0.0
105,11,0.0
120,11,0.0
136,11,0.0
2,12,2.5535e-06
3,12,6.7273e-05
4,12,0.000313908
5,12,0.0015020847000000001
8,12,7.232100000000001e-06
9,12,0.0001332178
10,12,0.0003436754
11,12,0.0013746160000000002
17,12,9.33426e-05
18,12,0.0003597332
19,12,0.0015052902000000001
27,12,0.0001074787
28,12,0.0003764072
29,12,0.00037609300000000003
39,12,0.00011897910000000001
40,12,7.75216e-05
88,12,0.0
103,12,0.0
104,12,6e-10
105,12,1e-10
120,12,4e-10
136,12,1e-10
0,13,0.00016242560000000002
1,13,8.99554e-05
2,13,8.72629e-05
3,13,3.26933e-05
4,13,4.9602e-06
6,13,0.0003599092
7,13,0.0003595808
8,13,6.11131e-05
14,13,0.0013422021
15,13,6.62802e-05
20,13,5.8217e-05
21,13,9.21448e-05
22,13,0.0003602691
23,13,0.0011462965
24,13,3.4679000000000003e-06
30,13,2.2583600000000002e-05
31,13,5.72439e-05
32,13,9.02107e-05
33,13,0.0001626886
34,13,0.00017879310000000001
41,13,1.4462600000000001e-05
42,13,2.20868e-05
43,13,2.9002700000000003e-05
44,13,3.99776e-05
45,13,5.82938e-05
46,13,5.8904700000000005e-05
47,13,2.26005e-05
56,13,1.4182100000000001e-05
57,13,1.77747e-05
58,13,2.1670400000000002e-05
59,13,2.7134300000000002e-05
60,13,1.8338e-05
61,13,1.5073e-06
70,13,9.986900000000001e-06
71,13,1.19221e-05
72,13,1.44107e-05
73,13,1.3843000000000001e-05
74,13,6.1751e-06
86,13,8.5495e-06
87,13,1.00649e-05
88,13,8.0262e-06
89,13,1.7452e-06
102,13,8.5903e-06
103,13,7.433000000000001e-06
118,13,7.4503000000000005e-06
119,13,8.4674e-06
120,13,3.27e-08
134,13,5.7639e-06
135,13,7.497900000000001e-06
136,13,2.1447e-06
151,13,5.737e-06
152,13,6.5052e-06
153,13,2.1067e-06
168,13,5.0942e-06
169,13,5.7682e-06
170,13,2.2912e-06
186,13,4.5537e-06
187,13,5.021000000000001e-06
188,13,2.0083e-06
203,13,4.5751000000000005e-06
204,13,2.8161e-06
218,13,3.3425e-06
231,13,3.5564e-06
232,13,1.6620000000000002e-07
243,13,2.3275e-06
253,13,3.6805e-06
254,13,4.0640000000000004e-07
263,13,3.4015e-06
264,13,1.2382e-06
273,13,1.2496e-06
280,13,1.4383e-06
288,13,1.3358e-06
296,13,1.9588e-06
304,13,1.8806e-06
305,13,1.0733e-06
313,13,6.666e-07
314,13,1.0440000000000001e-07
321,13,1.3112e-06
322,13,3.474e-07
330,13,1.4649000000000002e-06
331,13,8.86e-08
339,13,6.283e-07
350,13,4.241e-07
359,13,1.2764e-06
368,13,3.85e-07
376,13,8.058000000000001e-07
384,13,5.483e-07
392,13,5.058e-07
393,13,1.205e-07
400,13,2.036e-07
408,13,4.9300000000000005e-08
0,14,0.00036644250000000003
1,14,0.0001579109
2,14,0.0001532571
3,14,5.0161500000000004e-05
4,14,6.9929e-06
6,14,0.001464067
7,14,0.0014647263
8,14,0.0001409224
9,14,5.393000000000001e-07
13,14,0.0013422021
15,14,0.00028780930000000003
16,14,9.2168e-06
17,14,1.6691e-06
20,14,5.6691e-05
21,14,8.974180000000001e-05
22,14,0.0003511052
23,14,0.0011283075
24,14,5.3947500000000005e-05
25,14,9.6119e-06
26,14,4.2201000000000005e-06
27,14,6.817000000000001e-07
30,14,2.1987200000000002e-05
31,14,5.5743200000000005e-05
32,14,8.78576e-05
33,14,0.0001584811
34,14,0.0001795517
35,14,1.00663e-05
36,14,1.00507e-05
37,14,4.3365e-06
38,14,1.2905e-06
39,14,3.656e-07
41,14,1.40797e-05
42,14,2.15034e-05
43,14,2.8238000000000003e-05
44,14,3.89262e-05
45,14,5.6765800000000005e-05
46,14,5.82609e-05
47,14,2.58958e-05
48,14,4.4802e-06
49,14,4.4763e-06
50,14,4.4727e-06
51,14,1.8736000000000002e-06
52,14,4.156e-07
56,14,1.3806600000000001e-05
57,14,1.73047e-05
58,14,2.10981e-05
59,14,2.64875e-05
60,14,1.8455100000000002e-05
61,14,3.0147e-06
62,14,2.5230000000000002e-06
63,14,2.5212e-06
64,14,2.5158e-06
65,14,2.3514e-06
66,14,7.459e-07
70,14,9.722000000000001e-06
71,14,1.16062e-05
72,14,1.4029200000000001e-05
73,14,1.3586500000000001e-05
74,14,6.4582e-06
75,14,8.044e-07
76,14,1.1059e-06
77,14,1.6151e-06
78,14,1.6141000000000001e-06
79,14,1.6133e-06
80,14,7.424e-07
86,14,8.3227e-06
87,14,9.798e-06
88,14,7.8744e-06
89,14,2.0431e-06
90,14,4.85e-07
91,14,6.181000000000001e-07
92,14,8.145e-07
93,14,1.1218e-06
94,14,1.0202e-06
95,14,1.1117e-06
96,14,5.172e-07
102,14,8.3624e-06
103,14,7.2359000000000005e-06
104,14,4.37e-08
105,14,3.73e-07
106,14,4.897e-07
107,14,6.247e-07
108,14,5.024e-07
109,14,8.150000000000001e-08
110,14,3.63e-08
111,14,5.4500000000000005e-08
118,14,7.252600000000001e-06
119,14,8.2428e-06
120,14,1.112e-07
121,14,3.205e-07
122,14,3.976e-07
123,14,3.4650000000000004e-07
124,14,5.92e-08
134,14,5.6108000000000006e-06
135,14,7.2988e-06
136,14,2.1588e-06
137,14,2.7520000000000003e-07
138,14,2.579e-07
139,14,6.55e-08
151,14,5.5846e-06
152,14,6.3324000000000006e-06
153,14,2.0991e-06
154,14,2.3490000000000002e-07
155,14,9.45e-08
168,14,4.9587000000000005e-06
169,14,5.6150000000000005e-06
170,14,2.2611000000000003e-06
171,14,2.029e-07
172,14,7.44e-08
186,14,4.4326000000000006e-06
187,14,4.8876000000000004e-06
188,14,1.9568e-06
189,14,1.754e-07
190,14,6.69e-08
203,14,4.4535e-06
204,14,2.7413e-06
205,14,1.105e-07
206,14,8.35e-08
218,14,3.2536e-06
219,14,4.45e-08
220,14,1.324e-07
231,14,3.4618e-06
232,14,1.635e-07
233,14,1.1090000000000001e-07
234,14,1.22e-08
243,14,2.2656e-06
245,14,0.0
253,14,3.5826000000000002e-06
254,14,3.956e-07
263,14,3.311e-06
264,14,1.2052000000000001e-06
273,14,1.2163000000000001e-06
280,14,1.4e-06
288,14,1.3003e-06
296,14,1.9066e-06
304,14,1.8305e-06
305,14,1.0447000000000001e-06
313,14,6.489e-07
314,14,1.017e-07
321,14,1.2763e-06
322,14,3.382e-07
330,14,1.4258e-06
331,14,8.62e-08
339,14,6.116e-07
350,14,4.128e-07
359,14,1.2424e-06
368,14,3.748e-07
376,14,7.843000000000001e-07
384,14,5.337e-07
392,14,4.923e-07
393,14,1.173e-07
400,14,1.981e-07
408,14,4.8000000000000006e-08
0,15,7.22884e-05
1,15,3.12159e-05
2,15,7.02023e-05
3,15,1.78795e-05
4,15,2.1775e-06
6,15,6.919100000000001e-05
7,15,0.0002885822
8,15,0.0007561612
9,15,3.72114e-05
13,15,6.62802e-05
14,15,0.00028780930000000003
16,15,0.0011138927
17,15,0.0001134689
20,15,7.709300000000001e-06
21,15,1.1197700000000001e-05
22,15,3.0373300000000003e-05
23,15,0.0001222524
24,15,0.0012098103
25,15,0.0012132831000000001
26,15,0.0002910233
27,15,3.6876000000000004e-05
30,15,3.4151e-06
31,15,7.602200000000001e-06
32,15,1.10103e-05
33,15,1.7353300000000002e-05
34,15,8.39677e-05
35,15,0.00030452260000000004
36,15,0.0003040596
37,15,0.00030337480000000003
38,15,7.0311e-05
39,15,1.74087e-05
41,15,2.2897000000000003e-06
42,15,3.3441000000000003e-06
43,15,4.2509e-06
44,15,5.6144e-06
45,15,7.7197e-06
46,15,2.41895e-05
47,15,6.690320000000001e-05
48,15,0.0001354765
49,15,0.00013536100000000002
50,15,0.0001352523
51,15,0.0001027973
52,15,1.98698e-05
56,15,2.2469e-06
57,15,2.7583e-06
58,15,3.2773e-06
59,15,5.5476e-06
60,15,1.57669e-05
61,15,3.22881e-05
62,15,4.79533e-05
63,15,7.62223e-05
64,15,7.606070000000001e-05
65,15,7.10885e-05
66,15,2.25507e-05
70,15,1.6319e-06
71,15,1.9203e-06
72,15,2.2815e-06
73,15,4.8141e-06
74,15,1.15223e-05
75,15,1.84691e-05
76,15,2.43032e-05
77,15,3.3411e-05
78,15,4.8793000000000005e-05
79,15,4.8767e-05
80,15,2.2441700000000002e-05
86,15,1.4136000000000001e-06
87,15,1.6438e-06
88,15,2.8318e-06
89,15,8.828800000000001e-06
90,15,1.1804900000000001e-05
91,15,1.46537e-05
92,15,1.86735e-05
93,15,2.4606400000000002e-05
94,15,3.08367e-05
95,15,3.36018e-05
96,15,1.56342e-05
102,15,1.4198000000000002e-06
103,15,1.2134e-06
104,15,1.1057e-06
105,15,9.2644e-06
106,15,1.19096e-05
107,15,1.4796e-05
108,15,1.15018e-05
109,15,2.4618000000000003e-06
110,15,1.0968e-06
111,15,1.6465e-06
118,15,1.2441e-06
119,15,1.3989e-06
120,15,2.0390000000000003e-06
121,15,8.0966e-06
122,15,9.870300000000001e-06
123,15,8.418600000000001e-06
124,15,1.4015e-06
134,15,9.786e-07
135,15,1.2516e-06
136,15,2.1971e-06
137,15,7.0519e-06
138,15,6.5127e-06
139,15,1.6255000000000001e-06
151,15,9.744e-07
152,15,1.0958e-06
153,15,1.6185e-06
154,15,6.0947e-06
155,15,2.4196e-06
168,15,8.713e-07
169,15,9.794e-07
170,15,1.1999e-06
171,15,5.32e-06
172,15,1.9304e-06
186,15,7.837e-07
187,15,8.586e-07
188,15,3.92e-07
189,15,4.6397e-06
190,15,1.7529e-06
203,15,7.873000000000001e-07
204,15,4.815000000000001e-07
205,15,2.9472e-06
206,15,2.2080000000000003e-06
218,15,5.751e-07
219,15,1.1963e-06
220,15,3.5302e-06
231,15,6.154000000000001e-07
232,15,7.45e-08
233,15,2.9786e-06
234,15,3.247e-07
243,15,4.027e-07
245,15,6e-10
253,15,6.401e-07
254,15,7.03e-08
263,15,5.943000000000001e-07
264,15,2.153e-07
273,15,2.1830000000000002e-07
280,15,2.524e-07
288,15,2.353e-07
296,15,3.463e-07
304,15,3.346e-07
305,15,1.897e-07
313,15,1.186e-07
314,15,1.85e-08
321,15,2.346e-07
322,15,6.2e-08
330,15,2.627e-07
331,15,1.58e-08
339,15,1.13e-07
350,15,7.620000000000001e-08
359,15,2.2990000000000001e-07
368,15,6.94e-08
376,15,1.455e-07
384,15,9.92e-08
392,15,9.170000000000001e-08
393,15,2.18e-08
400,15,3.69e-08
408,15,8.9e-09
8,16,0.0007952216
9,16,0.00019279330000000002
14,16,9.2168e-06
15,16,0.0011138927
17,16,0.0005618937000000001
23,16,3.7642700000000005e-05
24,16,0.0003572327
25,16,0.0015055692
26,16,0.0015052778
27,16,0.0001041996
34,16,4.7432400000000003e-05
35,16,0.00016268600000000002
36,16,0.0003768604
37,16,0.000376019
38,16,0.0002015549
39,16,3.8863300000000004e-05
46,16,1.4516000000000001e-05
47,16,5.0452300000000005e-05
48,16,9.23053e-05
49,16,0.0001677038
50,16,0.0001675714
51,16,0.0001273628
52,16,4.46704e-05
59,16,1.5347e-06
60,16,1.24325e-05
61,16,2.89506e-05
62,16,4.07588e-05
63,16,5.9361400000000004e-05
64,16,9.42157e-05
65,16,8.80576e-05
66,16,2.7934e-05
73,16,2.7192e-06
74,16,1.0569500000000001e-05
75,16,1.79609e-05
76,16,2.28632e-05
77,16,3.00851e-05
78,16,4.13594e-05
79,16,6.04e-05
80,16,2.77953e-05
88,16,1.6191e-06
89,16,8.8637e-06
90,16,1.20237e-05
91,16,1.46135e-05
92,16,1.814e-05
93,16,2.3116e-05
94,16,2.77147e-05
95,16,4.1613900000000005e-05
96,16,1.93622e-05
104,16,1.1621e-06
105,16,9.5959e-06
106,16,1.21221e-05
107,16,1.4743000000000001e-05
108,16,1.1161400000000001e-05
109,16,2.3096e-06
110,16,1.3582e-06
111,16,2.0390000000000003e-06
120,16,2.1632e-06
121,16,8.5056e-06
122,16,1.02178e-05
123,16,8.563100000000001e-06
124,16,1.3954e-06
136,16,1.9807e-06
137,16,7.4982000000000005e-06
138,16,6.8387e-06
139,16,1.6819000000000002e-06
153,16,1.3741000000000001e-06
154,16,6.5483000000000005e-06
155,16,2.5717000000000003e-06
170,16,8.900000000000001e-07
171,16,5.7683e-06
172,16,2.0735e-06
188,16,5.62e-08
189,16,5.0712e-06
190,16,1.9001e-06
205,16,3.2443e-06
206,16,2.4128e-06
219,16,1.3252e-06
220,16,3.8853e-06
232,16,5.11e-08
233,16,3.2992e-06
234,16,3.573e-07
245,16,6e-10
2,17,6.4804e-06
3,17,9.543980000000001e-05
4,17,0.0001952268
5,17,9.628780000000001e-05
8,17,9.546750000000001e-05
9,17,0.0008559796000000001
10,17,0.0008934373000000001
11,17,0.0002134709
12,17,9.33426e-05
14,17,1.6691e-06
15,17,0.0001134689
16,17,0.0005618937000000001
18,17,0.0008170646
19,17,0.0002042643
23,17,8.5649e-06
24,17,6.37506e-05
25,17,0.00014666670000000002
26,17,0.0006146778
27,17,0.0007677547000000001
28,17,0.00021349580000000002
29,17,9.35383e-05
34,17,1.2262200000000001e-05
35,17,3.6748e-05
36,17,6.626720000000001e-05
37,17,0.0001533792
38,17,8.221630000000001e-05
39,17,0.0001952702
40,17,4.4654800000000005e-05
46,17,4.3190000000000005e-06
47,17,1.41537e-05
48,17,2.37609e-05
49,17,3.76088e-05
50,17,6.832790000000001e-05
51,17,5.19334e-05
52,17,1.8215e-05
59,17,5.046e-07
60,17,3.9839e-06
61,17,8.977e-06
62,17,1.2103200000000001e-05
63,17,1.66068e-05
64,17,2.4150600000000002e-05
65,17,3.5899300000000004e-05
66,17,1.13882e-05
73,17,9.281000000000001e-07
74,17,3.5458e-06
75,17,5.9005000000000005e-06
76,17,7.3181e-06
77,17,9.315500000000001e-06
78,17,1.22579e-05
79,17,1.68514e-05
80,17,1.13303e-05
88,17,5.673000000000001e-07
89,17,3.0677000000000003e-06
90,17,4.1013e-06
91,17,4.899e-06
92,17,5.9542000000000005e-06
93,17,7.391e-06
94,17,8.5695e-06
95,17,1.2310100000000001e-05
96,17,7.8921e-06
104,17,4.0700000000000003e-07
105,17,3.3195e-06
106,17,4.1326e-06
107,17,4.9390000000000005e-06
108,17,3.6605e-06
109,17,7.377e-07
110,17,4.194e-07
111,17,8.311000000000001e-07
120,17,7.655e-07
121,17,2.9778e-06
122,17,3.5330000000000003e-06
123,17,2.9177e-06
124,17,4.671e-07
136,17,7.072e-07
137,17,2.6525e-06
138,17,2.3933e-06
139,17,5.813e-07
153,17,4.945e-07
154,17,2.3376000000000003e-06
155,17,9.095e-07
170,17,3.226e-07
171,17,2.0756e-06
172,17,7.4e-07
188,17,2.05e-08
189,17,1.8377e-06
190,17,6.836e-07
205,17,1.1831e-06
206,17,8.742e-07
219,17,4.86e-07
220,17,1.4166000000000001e-06
232,17,1.88e-08
233,17,1.2098e-06
234,17,1.303e-07
245,17,2e-10
2,18,4.7199e-06
3,18,0.0001609096
4,18,0.000329154
5,18,0.00037681300000000004
8,18,1.32714e-05
9,18,0.0003139244
10,18,0.0015048464000000001
11,18,0.0015076067000000001
12,18,0.0003597332
17,18,0.0008170646
19,18,0.0013789228000000001
27,18,0.0009982813
28,18,0.0015055572
29,18,0.0003603268
39,18,0.0002679302
40,18,0.0001745184
2,19,2.6165000000000003e-06
3,19,6.94383e-05
4,19,0.0003288542
5,19,0.00037647550000000004
8,19,7.4116e-06
9,19,0.0001375139
10,19,0.0003599555
11,19,0.0015049077
12,19,0.0015052902000000001
17,19,0.0002042643
18,19,0.0013789228000000001
27,19,0.000238683
28,19,0.0015082138
29,19,0.0015056978000000001
39,19,0.0002681625
40,19,0.0001746723
0,20,3.0003800000000002e-05
1,20,2.2776800000000002e-05
2,20,2.20883e-05
3,20,1.02463e-05
4,20,1.8153e-06
6,20,4.0668200000000005e-05
7,20,4.05959e-05
8,20,1.1481e-05
13,20,5.8217e-05
14,20,5.6691e-05
15,20,7.709300000000001e-06
21,20,0.0003768884
22,20,0.0001627067
23,20,6.87196e-05
24,20,5.51e-07
30,20,9.236510000000001e-05
31,20,0.0015100883
32,20,0.0015051762
33,20,0.00036060300000000003
34,20,7.498760000000001e-05
41,20,4.07588e-05
42,20,8.934970000000001e-05
43,20,0.0001612817
44,20,0.0003760797
45,20,0.0003769809
46,20,0.0002403131
47,20,2.19357e-05
56,20,3.97489e-05
57,20,5.83869e-05
58,20,8.860150000000001e-05
59,20,0.0001533707
60,20,7.546130000000001e-05
61,20,4.2546e-06
70,20,2.26372e-05
71,20,2.97434e-05
72,20,4.06138e-05
73,20,4.58094e-05
74,20,2.55128e-05
86,20,1.79843e-05
87,20,2.2891300000000002e-05
88,20,2.0108400000000002e-05
89,20,4.9452000000000005e-06
102,20,1.8119e-05
103,20,1.69612e-05
118,20,1.47604e-05
119,20,1.79069e-05
120,20,7.500000000000001e-08
134,20,1.0367800000000001e-05
135,20,1.48863e-05
136,20,4.5472e-06
151,20,1.0303000000000001e-05
152,20,1.2245300000000001e-05
153,20,4.1914e-06
168,20,8.7966e-06
169,20,1.03742e-05
170,20,4.3202e-06
186,20,7.598300000000001e-06
187,20,8.681e-06
188,20,3.6170000000000003e-06
203,20,7.642e-06
204,20,4.8747e-06
218,20,5.5886e-06
231,20,5.7674e-06
232,20,2.782e-07
243,20,3.7776e-06
253,20,5.1276e-06
254,20,5.774e-07
263,20,4.6584e-06
264,20,1.7258e-06
273,20,1.712e-06
280,20,1.9403e-06
288,20,1.7769e-06
296,20,2.5724e-06
304,20,2.2126000000000002e-06
305,20,1.2808e-06
313,20,7.841e-07
314,20,1.237e-07
321,20,1.5236000000000001e-06
322,20,4.061e-07
330,20,1.6931000000000001e-06
331,20,1.029e-07
339,20,7.226000000000001e-07
350,20,4.877e-07
359,20,1.4611e-06
368,20,4.4080000000000003e-07
376,20,9.184000000000001e-07
384,20,6.223000000000001e-07
392,20,5.37e-07
393,20,1.2810000000000002e-07
400,20,2.161e-07
408,20,5.2200000000000004e-08
0,21,4.12624e-05
1,21,2.9976000000000002e-05
2,21,2.90745e-05
3,21,1.3046e-05
4,21,2.2518e-06
6,21,5.9241500000000005e-05
7,21,5.91416e-05
8,21,1.57565e-05
13,21,9.21448e-05
14,21,8.974180000000001e-05
15,21,1.1197700000000001e-05
20,21,0.0003768884
22,21,0.0003768864
23,21,0.00012393660000000002
24,21,8.684e-07
30,21,5.83457e-05
31,21,0.0003611662
32,21,0.0015099369
33,21,0.0015053101
34,21,0.0001711073
41,21,2.9704200000000003e-05
42,21,5.6691800000000005e-05
43,21,8.94185e-05
44,21,0.0001623367
45,21,0.0003775666
46,21,0.0002406928
47,21,5.07636e-05
56,21,2.9025900000000003e-05
57,21,4.0201400000000004e-05
58,21,5.59798e-05
59,21,8.44267e-05
60,21,7.55381e-05
61,21,4.259e-06
70,21,1.78027e-05
71,21,2.26357e-05
72,21,2.95998e-05
73,21,3.14547e-05
74,21,1.6052300000000002e-05
86,21,1.45002e-05
87,21,1.79828e-05
88,21,1.52814e-05
89,21,3.5972e-06
102,21,1.4596300000000001e-05
103,21,1.331e-05
118,21,1.21361e-05
119,21,1.44135e-05
120,21,5.8800000000000004e-08
134,21,8.7899e-06
135,21,1.22316e-05
136,21,3.6572000000000003e-06
151,21,8.7393e-06
152,21,1.02345e-05
153,21,3.4418000000000002e-06
168,21,7.5528e-06
169,21,8.7959e-06
170,21,3.609e-06
186,21,6.5927e-06
187,21,7.4509e-06
188,21,3.0655e-06
203,21,6.628700000000001e-06
204,21,4.1825e-06
218,21,4.8462e-06
231,21,5.0477e-06
232,21,2.412e-07
243,21,3.3055e-06
253,21,5.1282e-06
254,21,5.775e-07
263,21,4.659000000000001e-06
264,21,1.726e-06
273,21,1.7122e-06
280,21,1.9405e-06
288,21,1.7771e-06
296,21,2.5727e-06
304,21,2.2128000000000002e-06
305,21,1.2809e-06
313,21,7.842e-07
314,21,1.237e-07
321,21,1.5238000000000001e-06
322,21,4.061e-07
330,21,1.6932000000000002e-06
331,21,1.029e-07
339,21,7.226000000000001e-07
350,21,4.877e-07
359,21,1.4612e-06
368,21,4.4080000000000003e-07
376,21,9.185000000000001e-07
384,21,6.224000000000001e-07
392,21,5.37e-07
393,21,1.282e-07
400,21,2.161e-07
408,21,5.2200000000000004e-08
0,22,9.21256e-05
1,22,5.81322e-05
2,22,5.63942e-05
3,22,2.29276e-05
4,22,3.6789e-06
6,22,0.000162556
7,22,0.0001623382
8,22,3.4922700000000004e-05
13,22,0.0003602691
14,22,0.0003511052
15,22,3.0373300000000003e-05
20,22,0.0001627067
21,22,0.0003768864
23,22,0.0010521452
24,22,3.3240000000000003e-06
30,22,4.01679e-05
31,22,0.0001581983
32,22,0.0003611429
33,22,0.0015097859000000001
34,22,0.0007143177
41,22,2.2605200000000002e-05
42,22,3.91438e-05
43,22,5.6736e-05
44,22,9.000450000000001e-05
45,22,0.0001629823
46,22,0.0002410443
47,22,5.0839000000000006e-05
56,22,2.2121800000000002e-05
57,22,2.9356500000000003e-05
58,22,3.85442e-05
59,22,5.33426e-05
60,22,4.1582600000000004e-05
61,22,4.2631e-06
70,22,1.43664e-05
71,22,1.78016e-05
72,22,2.2526400000000002e-05
73,22,2.29247e-05
74,22,1.1022300000000001e-05
86,22,1.1938600000000001e-05
87,22,1.44991e-05
88,22,1.20047e-05
89,22,2.7337e-06
102,22,1.20094e-05
103,22,1.0722400000000001e-05
118,22,1.01541e-05
119,22,1.1851e-05
120,22,4.73e-08
134,22,7.5466e-06
135,22,1.02285e-05
136,22,3.005e-06
151,22,7.5063000000000005e-06
152,22,8.6812e-06
153,22,2.8766e-06
168,22,6.5552e-06
169,22,7.5522e-06
170,22,3.0599e-06
186,22,5.7743e-06
187,22,6.4648e-06
188,22,2.6311e-06
203,22,5.8043000000000005e-06
204,22,3.6279e-06
218,22,4.2425000000000005e-06
231,22,4.4548e-06
232,22,2.111e-07
243,22,2.9166e-06
253,22,4.5577000000000004e-06
254,22,5.095000000000001e-07
263,22,4.1673e-06
264,22,1.5338e-06
273,22,1.5313e-06
280,22,1.7456e-06
288,22,1.6069e-06
296,22,2.3374000000000003e-06
304,22,2.2129e-06
305,22,1.281e-06
313,22,7.843000000000001e-07
314,22,1.237e-07
321,22,1.5239000000000001e-06
322,22,4.062e-07
330,22,1.6933000000000002e-06
331,22,1.029e-07
339,22,7.227e-07
350,22,4.878e-07
359,22,1.4613e-06
368,22,4.4080000000000003e-07
376,22,9.185000000000001e-07
384,22,6.224000000000001e-07
392,22,5.371e-07
393,22,1.282e-07
400,22,2.1620000000000002e-07
408,22,5.2200000000000004e-08
0,23,0.000127548
1,23,7.00883e-05
2,23,6.80177e-05
3,23,2.5371200000000002e-05
4,23,3.8381e-06
6,23,0.0002869093
7,23,0.0002866561
8,23,6.84818e-05
9,23,2.7467e-06
13,23,0.0011462965
14,23,0.0011283075
15,23,0.0001222524
16,23,3.7642700000000005e-05
17,23,8.5649e-06
20,23,6.87196e-05
21,23,0.00012393660000000002
22,23,0.0010521452
24,23,0.0003360669
25,23,8.21069e-05
26,23,3.65666e-05
27,23,5.9484000000000005e-06
30,23,2.2341000000000002e-05
31,23,6.72941e-05
32,23,0.00012049780000000001
33,23,0.0002750753
34,23,0.0007346585000000001
35,23,0.0003584641
36,23,8.58405e-05
37,23,3.7578000000000005e-05
38,23,1.1263300000000001e-05
39,23,3.2048000000000002e-06
41,23,1.35415e-05
42,23,2.18168e-05
43,23,2.98403e-05
44,23,4.35009e-05
45,23,6.883240000000001e-05
46,23,9.329830000000001e-05
47,23,0.000116594
48,23,8.98223e-05
49,23,8.97056e-05
50,23,3.8762e-05
51,23,1.63546e-05
52,23,3.6432e-06
56,23,1.32671e-05
57,23,1.7042800000000002e-05
58,23,2.144e-05
59,23,2.88041e-05
60,23,2.7662600000000002e-05
61,23,2.3241900000000002e-05
62,23,3.99846e-05
63,23,3.99474e-05
64,23,3.98534e-05
65,23,3.72399e-05
66,23,6.5118e-06
70,23,9.0165e-06
71,23,1.0942700000000001e-05
72,23,1.3494600000000001e-05
73,23,1.45194e-05
74,23,1.12906e-05
75,23,9.721200000000001e-06
76,23,1.41561e-05
77,23,2.24963e-05
78,23,2.2480300000000002e-05
79,23,2.2465000000000003e-05
80,23,1.03366e-05
86,23,7.6175e-06
87,23,9.0932e-06
88,23,8.027000000000001e-06
89,23,5.408400000000001e-06
90,23,5.4532000000000006e-06
91,23,7.1751e-06
92,23,9.8627e-06
93,23,1.4400700000000001e-05
94,23,1.3095200000000001e-05
95,23,1.4268000000000001e-05
96,23,6.638000000000001e-06
102,23,7.6582e-06
103,23,6.72e-06
104,23,4.7040000000000003e-07
105,23,4.0932e-06
106,23,5.5128e-06
107,23,7.2635e-06
108,23,6.0955e-06
109,23,9.883000000000001e-07
110,23,4.4020000000000004e-07
111,23,6.609e-07
118,23,6.5667e-06
119,23,7.553e-06
120,23,8.691000000000001e-07
