id1,id2,boundary
1,0,0.053613161900000005
2,0,0.013373771100000001
3,0,0.0059568823
4,0,0.0033507112
5,0,0.0021442971
6,0,0.0588036216
7,0,0.0585145721
8,0,0.0140222624
9,0,0.00614154
10,0,0.0034295393
11,0,0.0021852333
12,0,0.0015109474
13,0,0.0063345986000000005
14,0,0.014683816700000001
15,0,0.014664616600000001
16,0,0.0063290515
17,0,0.0035087587
18,0,0.0022262248
19,0,0.0015371088
20,0,0.0011701477
21,0,0.0016092328
22,0,0.0035928997000000003
23,0,0.0065303787000000005
24,0,0.00652465
25,0,0.0065057797
26,0,0.0035882531
27,0,0.0021559891
28,0,0.0015608685000000001
29,0,0.0011397838
31,0,0.0011560569
32,0,0.0015865119
33,0,0.0023111712
34,0,0.003674936
35,0,0.0036696675000000003
36,0,0.0036663404000000003
37,0,0.0036601560000000003
38,0,0.0012356556
39,0,0.0015844496000000001
40,0,0.001125729
45,0,0.0011712556
46,0,0.0016105548
47,0,0.0023527795
48,0,0.002351489
49,0,0.0023502662000000002
50,0,0.0023491132
51,0,0.0021627841
52,0,0.0010098879
61,0,0.0011862766
62,0,0.0016343737
63,0,0.0016336127
64,0,0.0016304926
65,0,0.0016322059000000002
66,0,0.0016270418000000001
67,0,0.0015163462
68,0,0.0010979375
77,0,0.0012011009
78,0,0.0012006133
79,0,0.0012001488000000001
80,0,0.0010776907
81,0,0.001155117
82,0,0.0011843094
83,0,0.0010957309000000001
0,1,0.053613161900000005
2,1,0.0534944589
3,1,0.013402832600000001
4,1,0.005956754000000001
5,1,0.0033504281
6,1,0.014029622600000001
7,1,0.0139800244
8,1,0.0140280375
9,1,0.0140121855
10,1,0.0061385759
11,1,0.0034281013000000003
12,1,0.0021814518
13,1,0.0035082602
14,1,0.0063276926
15,1,0.0063325428
16,1,0.0063276
17,1,0.0063229911000000005
18,1,0.0035062390000000004
19,1,0.0022249432
21,1,0.0011690622
22,1,0.0022671550000000003
23,1,0.0035884781
24,1,0.0035904599
25,1,0.0035809295000000002
26,1,0.0035862678
27,1,0.0034088639
28,1,0.0022650465
29,1,0.0015597485
32,1,0.0011549714
33,1,0.0015847753
34,1,0.0023081319
35,1,0.0023073491000000002
36,1,0.0023055804
37,1,0.0023020204000000002
38,1,0.0012347305
39,1,0.0023049570000000003
40,1,0.0015431619
46,1,0.0011698807000000001
47,1,0.0016083463
48,1,0.0016088883
49,1,0.0016082082000000001
50,1,0.0016075671
51,1,0.0014801975
52,1,0.0010089999
53,1,0.0012429129
54,1,0.0010589569
62,1,0.0011846025
63,1,0.0011849288
64,1,0.0011827510000000001
65,1,0.0011840749000000001
66,1,0.001180405
67,1,0.001100171
68,1,0.0010968694
0,2,0.013373771100000001
1,2,0.0534944589
3,2,0.053493306500000004
4,2,0.013373194900000001
5,2,0.0059432076
6,2,0.0061331475
7,2,0.013977653900000001
8,2,0.0586626654
9,2,0.0585270767
10,2,0.0139925342
11,2,0.0061279611
12,2,0.0034169837
13,2,0.0035054173
14,2,0.0063255652
15,2,0.0146689413
16,2,0.014651501
17,2,0.0146352489
18,2,0.0063158795000000005
19,2,0.0035013247000000003
21,2,0.0011679451000000001
22,2,0.0022653966
23,2,0.0035870074000000003
24,2,0.0065209808
25,2,0.0065023025
26,2,0.0065107121000000006
27,2,0.0061875083
28,2,0.0035808537
29,2,0.0022622478
32,2,0.0011538592
33,2,0.0015835830000000002
34,2,0.002307083
35,2,0.0036660702
36,2,0.0036627847000000003
37,2,0.0036566833
38,2,0.0019611054
39,2,0.0036605448000000002
40,2,0.0022450225
46,2,0.00116902
47,2,0.0016075673
48,2,0.0023485936
49,2,0.0023473928
50,2,0.0023462611
51,2,0.0021601948
52,2,0.0014724234
53,2,0.0018136480000000002
54,2,0.0014543258
62,2,0.0011840032
63,2,0.0016313275
64,2,0.0016282240000000002
65,2,0.0016299469
66,2,0.0016248015
67,2,0.0015142797000000001
68,2,0.0015096600000000001
78,2,0.0011987899
79,2,0.0011983341000000002
80,2,0.0010760682
81,2,0.0011533851
82,2,0.001182541
83,2,0.001094108
84,2,0.001135828
85,2,0.0011445639
0,3,0.0059568823
1,3,0.013402832600000001
2,3,0.053493306500000004
4,3,0.0536096972
5,3,0.0134014483
6,3,0.0034315883000000003
7,3,0.0061326994
8,3,0.014038567200000001
9,3,0.058785407000000005
10,3,0.0586611738
11,3,0.0140230201
12,3,0.0061327131
13,3,0.0022283551
14,3,0.0035128944
15,3,0.0063389765
16,3,0.0146996429
17,3,0.0146836024
18,3,0.014668772200000001
19,3,0.0063301021
22,3,0.0015627329000000001
23,3,0.0022702110000000003
24,3,0.0035945892
25,3,0.0065212204000000005
26,3,0.0065297372
27,3,0.0062056645
28,3,0.0065209961
29,3,0.0035889509000000003
33,3,0.0011563134
34,3,0.0015869403000000001
35,3,0.0023101893
36,3,0.0036727507
37,3,0.0036666691
38,3,0.0019664796
39,3,0.0036706099000000003
40,3,0.0035767448
47,3,0.0011714944
48,3,0.0016109557
49,3,0.0023535136
50,3,0.0023523983
51,3,0.0021658625
52,3,0.0014762979
53,3,0.0018184339
54,3,0.0021287944
63,3,0.0011864971000000001
64,3,0.0016323461
65,3,0.0016340850000000002
66,3,0.0016289378
67,3,0.0015181447000000002
68,3,0.0015135229
79,3,0.0012013027
80,3,0.0010787407000000001
81,3,0.0011562567
82,3,0.0011854922
83,3,0.0010968448
84,3,0.0011386754
85,3,0.0011474393
0,4,0.0033507112
1,4,0.005956754000000001
2,4,0.013373194900000001
3,4,0.0536096972
5,4,0.0536053152
6,4,0.0021863582000000003
7,4,0.0034238454
8,4,0.0061460179
9,4,0.0140377151
10,4,0.0587793702
11,4,0.058663634900000004
12,4,0.0140034213
13,4,0.0015382898
14,4,0.0022282349000000003
15,4,0.0035126790000000003
16,4,0.006338505
17,4,0.0146981427
18,4,0.0146835408
19,4,0.0146701691
22,4,0.0011409080000000002
23,4,0.0015626362000000001
24,4,0.0022700536
25,4,0.0035869206
26,4,0.0065339704
27,4,0.00620976
28,4,0.0065253724
29,4,0.0065216131
34,4,0.0011562354
35,4,0.001585613
36,4,0.0023093667
37,4,0.003668418
38,4,0.0019674356000000002
39,4,0.0036724266
40,4,0.0035785451000000003
48,4,0.0011714030000000001
49,4,0.0016108155
50,4,0.0023532778000000002
51,4,0.0021666889000000003
52,4,0.0014768720000000002
53,4,0.0018191538
54,4,0.0021296516
64,4,0.0011846505
65,4,0.0016345832
66,4,0.0016294453
67,4,0.0015186274
68,4,0.0015140133000000001
80,4,0.0010790162
81,4,0.0011565589000000001
82,4,0.0011858088
83,4,0.0010971437
84,4,0.0011389917
85,4,0.0011477639
0,5,0.0021442971
1,5,0.0033504281
2,5,0.0059432076
3,5,0.0134014483
4,5,0.0536053152
6,5,0.0015136644
7,5,0.0021812959
8,5,0.0034310872000000003
9,5,0.00614534
10,5,0.014035981400000001
11,5,0.058766429
12,5,0.0585812993
13,5,0.0011253168
14,5,0.0015381176
15,5,0.0022279751
16,5,0.0035122430000000004
17,5,0.0063376338
18,5,0.0146957078
19,5,0.0146825459
23,5,0.0011407715
24,5,0.0015624412
25,5,0.0022650945000000002
26,5,0.0035937799
27,5,0.006212991
28,5,0.0065288371000000005
29,5,0.0065251418
35,5,0.0011552037
36,5,0.0015849647000000001
37,5,0.0023065334
38,5,0.0019681553
39,5,0.0036738008000000003
40,5,0.0035799128
49,5,0.0011712376
50,5,0.0016105733
51,5,0.00216728
52,5,0.0014772853000000002
53,5,0.0018196751
54,5,0.0021302756000000003
65,5,0.001186212
66,5,0.0016297884
67,5,0.0015189564
68,5,0.0015143503000000001
81,5,0.0011567508
82,5,0.0011860120000000002
83,5,0.0010973375
84,5,0.0011391986
85,5,0.0011479778
0,6,0.0588036216
1,6,0.014029622600000001
2,6,0.0061331475
3,6,0.0034315883000000003
4,6,0.0021863582000000003
5,6,0.0015136644
7,6,0.0535794878
8,6,0.0134244399
9,6,0.005966349100000001
10,6,0.0033560348
11,6,0.0021477245
12,6,0.0014893195
13,6,0.0140364605
14,6,0.058667031
15,6,0.0140362805
16,6,0.006148900200000001
17,6,0.0034339858
18,6,0.0021883119
19,6,0.0015153101
20,6,0.0015860605
21,6,0.0023104183
22,6,0.0063396825
23,6,0.014689577700000001
24,6,0.014670256900000001
25,6,0.006321093000000001
26,6,0.0035122611
27,6,0.0021195776
28,6,0.0015389478
29,6,0.0011260843
31,6,0.0015638577000000001
32,6,0.0022714134
33,6,0.0035954611
34,6,0.0065330474
35,6,0.0065222200000000004
36,6,0.006514927
37,6,0.0035831626
38,6,0.001214971
39,6,0.0015624242
40,6,0.0011123493
44,6,0.0011524607000000001
45,6,0.0015878091
46,6,0.0023126928
47,6,0.0036764659
48,6,0.0036739454
49,6,0.0036715576
50,6,0.0036693065
51,6,0.0021269166
60,6,0.0011721499
61,6,0.0016115558
62,6,0.0023537689
63,6,0.0023524538000000003
64,6,0.0023477528
65,6,0.002350023
66,6,0.0023424033
67,6,0.0014957249
68,6,0.0010851956
76,6,0.0011869823
77,6,0.001635065
78,6,0.0016342905
79,6,0.0016335529
80,6,0.0014667823000000001
81,6,0.0015720719
82,6,0.0016117142
83,6,0.0010831746
93,6,0.0012016107000000001
94,6,0.0012011151
95,6,0.0012006418
99,6,0.0011344428
0,7,0.0585145721
1,7,0.0139800244
2,7,0.013977653900000001
3,7,0.0061326994
4,7,0.0034238454
5,7,0.0021812959
6,7,0.0535794878
8,7,0.0535781887
9,7,0.0133943971
10,7,0.0059530024
11,7,0.00334835
12,7,0.0021398472
13,7,0.014023653
14,7,0.058693449
15,7,0.0585425511
16,7,0.014005666100000001
17,7,0.0061353748
18,7,0.0034264022000000003
19,7,0.0021834687000000003
20,7,0.0015832418
21,7,0.0023065215
22,7,0.0063311888
23,7,0.0146766146
24,7,0.014657298000000001
25,7,0.014609073
26,7,0.0063204019000000005
27,7,0.0033329904000000002
28,7,0.0022238292
29,7,0.0015355653000000001
31,7,0.0015610736
32,7,0.0022675721000000003
33,7,0.0035898669
34,7,0.0065243812
35,7,0.0065135655
36,7,0.0065062798000000005
37,7,0.0064940810000000005
38,7,0.0019185928
39,7,0.0022640644000000002
40,7,0.0015198488000000001
44,7,0.001150339
45,7,0.0015849876000000001
46,7,0.0023087928
47,7,0.0036707728
48,7,0.0036682554
49,7,0.0036658705
50,7,0.0036636222
51,7,0.0033726687
52,7,0.0014472378000000001
53,7,0.0012246404
54,7,0.0010453176
60,7,0.0011699948
61,7,0.0016086974
62,7,0.0023498105
63,7,0.0023484973000000003
64,7,0.0023438039
65,7,0.00234607
66,7,0.0023384628
67,7,0.0021792207
68,7,0.0014884663
76,7,0.0011848027
77,7,0.0016321701
78,7,0.0016313969
79,7,0.0016306604
80,7,0.0014641849
81,7,0.0015692879
82,7,0.0016088599000000001
83,7,0.0014884617
84,7,0.0011223798
93,7,0.0011994071
94,7,0.0011989123
95,7,0.0011984398
99,7,0.0011323619
0,8,0.0140222624
1,8,0.0140280375
2,8,0.0586626654
3,8,0.014038567200000001
4,8,0.0061460179
5,8,0.0034310872000000003
6,8,0.0134244399
7,8,0.0535781887
9,8,0.0536959055
10,8,0.0134238384
11,8,0.0059657713000000005
12,8,0.0033508978
13,8,0.0061541075
14,8,0.014053898200000001
15,8,0.0588177229
16,8,0.058677972200000005
17,8,0.014037240400000001
18,8,0.0061490933
19,8,0.0034340339000000003
20,8,0.0011561452
21,8,0.0015866853
22,8,0.0035167296000000003
23,8,0.0063447623
24,8,0.0147076993
25,8,0.0146596052
26,8,0.014672975100000001
27,8,0.0060245728
28,8,0.0035125061000000003
29,8,0.0022288205
31,8,0.0011423058
32,8,0.0015644386
33,8,0.0022724444
34,8,0.0035975411
35,8,0.0065332218
36,8,0.006526006500000001
37,8,0.006513859800000001
38,8,0.0034927908000000002
39,8,0.0035911956
40,8,0.0022121831
45,8,0.0011574858
46,8,0.0015883855
47,8,0.0023137203
48,8,0.0036785521000000003
49,8,0.0036762011
50,8,0.0036739857
51,8,0.0033822441
52,8,0.0023051492
53,8,0.001787401
54,8,0.0014374172000000001
61,8,0.0011724992
62,8,0.0016121274
63,8,0.0023547918
64,8,0.0023501074000000003
65,8,0.0023524004000000003
66,8,0.0023447928
67,8,0.0021851377
68,8,0.0021783249
77,8,0.0011873273
78,8,0.0016356311
79,8,0.0016349056
80,8,0.001468008
81,8,0.0015733971
82,8,0.0016130843
83,8,0.0014923803
84,8,0.0015492159000000001
85,8,0.0011338938
94,8,0.0012019512
95,8,0.0012014859
99,8,0.0011352694
0,9,0.00614154
1,9,0.0140121855
2,9,0.0585270767
3,9,0.058785407000000005
4,9,0.0140377151
5,9,0.00614534
6,9,0.005966349100000001
7,9,0.0133943971
8,9,0.0536959055
10,9,0.0536948016
11,9,0.013422851500000001
12,9,0.0059570942000000005
13,9,0.0034360928000000002
14,9,0.0061538043
15,9,0.0140530324
16,9,0.0588117405
17,9,0.058683478500000004
18,9,0.0140377442
19,9,0.0061492025
21,9,0.0011560972
22,9,0.0022309025
23,9,0.0035165108000000003
24,9,0.006344288500000001
25,9,0.0146760273
26,9,0.0146896878
27,9,0.013955773400000001
28,9,0.0063351200000000005
29,9,0.0035126346
32,9,0.0011422394
33,9,0.0015643403
34,9,0.0022722857
35,9,0.0035945088
36,9,0.0065307926
37,9,0.0065187227
38,9,0.0034954426000000003
39,9,0.0065234697
40,9,0.0035011929
46,9,0.001157407
47,9,0.0015882668000000001
48,9,0.0023135248000000002
49,9,0.0036781849
50,9,0.0036760061
51,9,0.0033841376
52,9,0.0023064617
53,9,0.0028407193
54,9,0.0020933413
62,9,0.0011724076
63,9,0.0016119877
64,9,0.0023511017
65,9,0.0023534158
66,9,0.0023458242
67,9,0.0021861163
68,9,0.0021793172
78,9,0.0011872228
79,9,0.0016354699000000002
80,9,0.0014685255
81,9,0.001573963
82,9,0.0016136756000000002
83,9,0.0014929373
84,9,0.0015498040000000001
85,9,0.0015616677000000001
95,9,0.0012018335
99,9,0.0011356261
0,10,0.0034295393
1,10,0.0061385759
2,10,0.0139925342
3,10,0.0586611738
4,10,0.0587793702
5,10,0.014035981400000001
6,10,0.0033560348
7,10,0.0059530024
8,10,0.0134238384
9,10,0.0536948016
11,10,0.0536909036
12,10,0.0134033406
13,10,0.0021893495
14,10,0.0034359479000000003
15,10,0.0061535094
16,10,0.0140521818
17,10,0.0588057756
18,10,0.0586890084
19,10,0.0140382639
22,10,0.0015401641000000002
23,10,0.0022307821
24,10,0.0035162958000000003
25,10,0.006330799000000001
26,10,0.014704730400000001
27,10,0.0139703058
28,10,0.0146757169
29,10,0.0063354733
33,10,0.0011421744
34,10,0.0015642437000000001
35,10,0.0022703977
36,10,0.0035932448
37,10,0.0065230924000000004
38,10,0.0034978281
39,10,0.0065279977000000005
40,10,0.0063601615
47,10,0.0011573292
48,10,0.0015881494
49,10,0.0023133307
50,10,0.0036778188
51,10,0.0033858387
52,10,0.0023076422
53,10,0.0028421981000000002
54,10,0.0033270269
63,10,0.0011723169
64,10,0.0016094826
65,10,0.0023543254
66,10,0.0023467496
67,10,0.0021869953000000003
68,10,0.0021802095
79,10,0.0011871189000000001
80,10,0.0014689884
81,10,0.0015744699
82,10,0.0016142060000000002
83,10,0.0014934375
84,10,0.0015503328
85,10,0.0015622098
99,10,0.0011359461000000001
0,11,0.0021852333
1,11,0.0034281013000000003
2,11,0.0061279611
3,11,0.0140230201
4,11,0.058663634900000004
5,11,0.058766429
6,11,0.0021477245
7,11,0.00334835
8,11,0.0059657713000000005
9,11,0.013422851500000001
10,11,0.0536909036
12,11,0.053610021300000005
13,11,0.0015158061
14,11,0.0021891493
15,11,0.003435623
16,11,0.0061528912
17,11,0.014050589300000001
18,11,0.0587966601
19,11,0.058691398900000004
22,11,0.0011267592
23,11,0.0015400069
24,11,0.0022305443
25,11,0.0035086786
26,11,0.0063430150000000005
27,11,0.0139825139
28,11,0.014688773
29,11,0.014676305700000001
34,11,0.0011420492
35,11,0.0015628727000000001
36,11,0.0022695049
37,11,0.0035888886
38,11,0.0034997635
39,11,0.0065316823
40,11,0.006363819000000001
48,11,0.0011571903
49,11,0.0015879477000000002
50,11,0.0023130134
51,11,0.0033871683
52,11,0.0023085685
53,11,0.0028433629
54,11,0.003328417
64,11,0.0011704431
65,11,0.0016116241000000001
66,11,0.0023474443000000003
67,11,0.0021876587
68,11,0.0021808861
80,11,0.0010662315000000001
81,11,0.0015748342
82,11,0.0016145897
83,11,0.0014938016
84,11,0.0015507198000000002
85,11,0.0015626085
99,11,0.0011361687000000001
0,12,0.0015109474
1,12,0.0021814518
2,12,0.0034169837
3,12,0.0061327131
4,12,0.0140034213
5,12,0.0585812993
6,12,0.0014893195
7,12,0.0021398472
8,12,0.0033508978
9,12,0.0059570942000000005
10,12,0.0134033406
11,12,0.053610021300000005
13,12,0.0011097059
14,12,0.001513578
15,12,0.0021859275
16,12,0.0034305556000000003
17,12,0.006143779
18,12,0.0140295967
19,12,0.0587063197
23,12,0.0011250921
24,12,0.0015377236000000002
25,12,0.0022226554
26,12,0.00351064
27,12,0.0060233155
28,12,0.0146798794
29,12,0.0146676288
35,12,0.0011394783
36,12,0.0015601122
37,12,0.0022636492
38,12,0.0019228865000000001
39,12,0.0065258531
40,12,0.0063582037000000004
49,12,0.0011554534
50,12,0.0015855531
51,12,0.0021273119
52,12,0.0023061762
53,12,0.0028404389
54,12,0.0033250195
65,12,0.0011703921
66,12,0.0016047148
67,12,0.0021852022
68,12,0.0021784517
81,12,0.0011414906
82,12,0.0016126830000000002
83,12,0.0014920463
84,12,0.0015489063
85,12,0.0015607894
99,12,0.0011347857
0,13,0.0063345986000000005
1,13,0.0035082602
2,13,0.0035054173
3,13,0.0022283551
4,13,0.0015382898
5,13,0.0011253168
6,13,0.0140364605
7,13,0.014023653
8,13,0.0061541075
9,13,0.0034360928000000002
10,13,0.0021893495
11,13,0.0015158061
12,13,0.0011097059
14,13,0.0537837487
15,13,0.0134457685
16,13,0.0059758258
17,13,0.0033613639000000003
18,13,0.0021512499
19,13,0.0014939084
20,13,0.0022704622
21,13,0.0035936460000000003
22,13,0.0140504949
23,13,0.058689663100000004
24,13,0.014050308800000001
25,13,0.0061436301
26,13,0.0034384359
27,13,0.0020839735
28,13,0.0015174206
29,13,0.0011125894000000001
31,13,0.002232513
32,13,0.0035182192
33,13,0.0063448559
34,13,0.0146956523
35,13,0.0146647268
36,13,0.0063325913
37,13,0.003508344
38,13,0.0011947392
39,13,0.0015407882
40,13,0.0010991660000000002
43,13,0.0011311038000000001
44,13,0.0015591280000000001
45,13,0.0022734574
46,13,0.0035980589
47,13,0.0065358052000000005
48,13,0.006529831900000001
49,13,0.006524175
50,13,0.0035932351
51,13,0.0020918239
59,13,0.0011582146
60,13,0.0015891165
61,13,0.0023142324
62,13,0.0036780318000000003
63,13,0.0036754633
64,13,0.0036676316
65,13,0.0036707170000000004
66,13,0.0023041296
67,13,0.0014754562
68,13,0.0010726339
75,13,0.0011730504
76,13,0.0016125668
77,13,0.0023547758
78,13,0.0023534374
79,13,0.0023521628
80,13,0.0021118479
81,13,0.002263259
82,13,0.0015901254
83,13,0.0010707922
92,13,0.0011876939
93,13,0.0016357659
94,13,0.0016349787
95,13,0.0016342272
96,13,0.0013500564
97,13,0.0012267486000000001
98,13,0.0013327322
99,13,0.0011216422
108,13,0.0012021263
109,13,0.0011693102
110,13,0.0011866518
111,13,0.0010995459
113,13,0.0011121299
0,14,0.014683816700000001
1,14,0.0063276926
2,14,0.0063255652
3,14,0.0035128944
4,14,0.0022282349000000003
5,14,0.0015381176
6,14,0.058667031
7,14,0.058693449
8,14,0.014053898200000001
9,14,0.0061538043
10,14,0.0034359479000000003
11,14,0.0021891493
12,14,0.001513578
13,14,0.0537837487
15,14,0.0537823989
16,14,0.0134454434
17,14,0.0059756868
18,14,0.0033612888000000003
19,14,0.0021512038000000002
20,14,0.0022716787
21,14,0.0035960687000000002
22,14,0.014069233700000001
23,14,0.058849803400000004
24,14,0.058695029100000004
25,14,0.0140219242
26,14,0.006156352
27,14,0.0032700806
28,14,0.0021912763
29,14,0.0015174169
31,14,0.0022336991
32,14,0.003520566
33,14,0.006350540500000001
34,14,0.0147156969
35,14,0.014684715800000001
36,14,0.0146620784
37,14,0.006326085800000001
38,14,0.0018826453000000002
39,14,0.0022312524
40,14,0.0015021
43,14,0.0011315338
44,14,0.0015598216
45,14,0.0022746764
46,14,0.0036004861
47,14,0.0065417483000000005
48,14,0.0065357668
49,14,0.0065301022
50,14,0.0065247636000000005
51,14,0.0033099785
52,14,0.0014264848
53,14,0.0012105176000000001
54,14,0.0010353467
59,14,0.0011586578
60,14,0.0015898288
61,14,0.0023154842
62,14,0.0036805403
63,14,0.0036779692
64,14,0.0036701313
65,14,0.0036732181000000003
66,14,0.0036608747
67,14,0.0021483198
68,14,0.0014715260000000001
75,14,0.0011735021000000001
76,14,0.0016132949
77,14,0.0023560607
78,14,0.0023547212000000002
79,14,0.0023534456000000002
80,14,0.0021129993
81,14,0.0022644927
82,14,0.0023214191
83,14,0.0014717542
84,14,0.0011119933
92,14,0.0011881541000000001
93,14,0.0016365098
94,14,0.0016357221
95,14,0.0016349700000000001
96,14,0.00135067
97,14,0.001227306
98,14,0.0013333376
99,14,0.0015444685
108,14,0.0012025949
109,14,0.001169766
110,14,0.0011871142
111,14,0.0010999743
113,14,0.001112563
0,15,0.014664616600000001
1,15,0.0063325428
2,15,0.0146689413
3,15,0.0063389765
4,15,0.0035126790000000003
5,15,0.0022279751
6,15,0.0140362805
7,15,0.0585425511
8,15,0.0588177229
9,15,0.0140530324
10,15,0.0061535094
11,15,0.003435623
12,15,0.0021859275
13,15,0.0134457685
14,15,0.0537823989
16,15,0.053781148
17,15,0.013445143000000001
18,15,0.0059755588
19,15,0.0033612199000000002
20,15,0.0015639354000000002
21,15,0.0022716033
22,15,0.006161602600000001
23,15,0.0140683543
24,15,0.0588438759
25,15,0.0585799331
26,15,0.014051235700000001
27,15,0.0058549788000000005
28,15,0.0034384771
29,15,0.0021912807
31,15,0.0015421940000000002
32,15,0.002233573
33,15,0.0035203438000000003
34,15,0.0063500645000000005
35,15,0.014703012100000001
36,15,0.014680654000000001
37,15,0.014647594000000002
38,15,0.0033947664
39,15,0.0035160028
40,15,0.0021752446
44,15,0.001138955
45,15,0.0015660449
46,15,0.0022745163
47,15,0.0036001947
48,15,0.0065410977
49,15,0.006535524
50,15,0.006530273400000001
51,15,0.0060105897
52,15,0.0022572247
53,15,0.0017578274000000001
54,15,0.0014176667
60,15,0.0011585781
61,15,0.0015897096000000001
62,15,0.0023152891
63,15,0.0036801765
64,15,0.0036723758
65,15,0.0036755051
66,15,0.0036631931
67,15,0.0034133986
68,15,0.0021426303
76,15,0.0011734104
77,15,0.0016131556
78,15,0.0023558293
79,15,0.0023545753
80,15,0.002114033
81,15,0.0022656206
82,15,0.0023225952000000003
83,15,0.0021486505
84,15,0.0015284040000000001
85,15,0.0011208941000000001
93,15,0.00118805
94,15,0.0016363501
95,15,0.0016356111
96,15,0.0013512102000000001
97,15,0.0012278063
98,15,0.001333891
99,15,0.0015451206
100,15,0.0012530016
109,15,0.0011701425
110,15,0.0011875048
111,15,0.0011003439
113,15,0.0011129517
0,16,0.0063290515
1,16,0.0063276
2,16,0.014651501
3,16,0.0146996429
4,16,0.006338505
5,16,0.0035122430000000004
6,16,0.006148900200000001
7,16,0.014005666100000001
8,16,0.058677972200000005
9,16,0.0588117405
10,16,0.0140521818
11,16,0.0061528912
12,16,0.0034305556000000003
13,16,0.0059758258
14,16,0.0134454434
15,16,0.053781148
17,16,0.053779996000000004
18,16,0.013444867400000001
19,16,0.0059754418
20,16,0.0011419417
21,16,0.0015638858000000002
22,16,0.0034405988000000003
23,16,0.006161298000000001
24,16,0.01406749
25,16,0.058717196900000004
26,16,0.0587058332
27,16,0.0133636417
28,16,0.0061565487
29,16,0.0034385054000000003
31,16,0.0011283559
32,16,0.0015421152
33,16,0.0022334496
34,16,0.0035201254
35,16,0.0063447555
36,16,0.014697554600000001
37,16,0.014664742000000001
38,16,0.0078606423
39,16,0.006340142
40,16,0.0034277858000000003
45,16,0.0011435056
46,16,0.0015659468
47,16,0.0022743584
48,16,0.0035999059000000003
49,16,0.006540448900000001
50,16,0.0065352833
51,16,0.0060152800000000005
52,16,0.004099013
53,16,0.0027815788
54,16,0.0020586583
61,16,0.0011584996
62,16,0.0015895916
63,16,0.0023150954000000002
64,16,0.0036744117
65,16,0.0036775818
66,16,0.0036653006
67,16,0.0034153962000000003
68,16,0.0034044372000000002
77,16,0.0011733195
78,16,0.0016130173000000001
79,16,0.0023555986
80,16,0.0021149704
81,16,0.0022666446
82,16,0.0023236642
83,16,0.0021496565
84,16,0.0022313974
85,16,0.0015406588000000001
94,16,0.0011879466
95,16,0.0016361909000000001
96,16,0.0013516995
97,16,0.0012282600000000001
98,16,0.0013343934
99,16,0.0015457132
100,16,0.0012534905
110,16,0.0011878576
111,16,0.0011006783
113,16,0.0011133042000000001
117,16,0.0011489143000000001
0,17,0.0035087587
1,17,0.0063229911000000005
2,17,0.0146352489
3,17,0.0146836024
4,17,0.0146981427
5,17,0.0063376338
6,17,0.0034339858
7,17,0.0061353748
8,17,0.014037240400000001
9,17,0.058683478500000004
10,17,0.0588057756
11,17,0.014050589300000001
12,17,0.006143779
13,17,0.0033613639000000003
14,17,0.0059756868
15,17,0.013445143000000001
16,17,0.053779996000000004
18,17,0.053778943
19,17,0.013444616500000001
21,17,0.0011419070000000002
22,17,0.0021923423
23,17,0.0034404526000000003
24,17,0.0061610017
25,17,0.014037768300000001
26,17,0.0588320722
27,17,0.0558363118
28,17,0.0140522262
29,17,0.0061566598
32,17,0.0011283029
33,17,0.0015420386000000001
34,17,0.002233329
35,17,0.0035172287
36,17,0.0063425685
37,17,0.0146802345
38,17,0.007869088100000001
39,17,0.0146812773
40,17,0.0061811848
46,17,0.0011434405
47,17,0.0015658504
48,17,0.0022742025
49,17,0.0035996194000000002
50,17,0.0065398021
51,17,0.0060195150000000005
52,17,0.0041019487
53,17,0.00505136
54,17,0.003257668
62,17,0.0011584222
63,17,0.0015894749
64,17,0.0023115046
65,17,0.0036794522000000002
66,17,0.003667201
67,17,0.0034171995000000003
68,17,0.0034062658
69,17,0.0012126517
78,17,0.0011732294
79,17,0.0016128798
80,17,0.0021158135
81,17,0.0022675667
82,17,0.0023246279
83,17,0.0021505645
84,17,0.0022323563
85,17,0.0022493310000000002
95,17,0.0011878437
96,17,0.0013521389
97,17,0.0012286679
98,17,0.0013348457
99,17,0.0015462474
100,17,0.0012539318
111,17,0.0011009779
113,17,0.0011136212
117,17,0.001149267
0,18,0.0022262248
1,18,0.0035062390000000004
2,18,0.0063158795000000005
3,18,0.014668772200000001
4,18,0.0146835408
5,18,0.0146957078
6,18,0.0021883119
7,18,0.0034264022000000003
8,18,0.0061490933
9,18,0.0140377442
10,18,0.0586890084
11,18,0.0587966601
12,18,0.0140295967
13,18,0.0021512499
14,18,0.0033612888000000003
15,18,0.0059755588
16,18,0.013444867400000001
17,18,0.053778943
19,18,0.053777988900000004
22,18,0.0015180158
23,18,0.0021922590000000002
24,18,0.0034403114000000003
25,18,0.0061480683
26,18,0.014065807000000001
27,18,0.055945609800000004
28,18,0.058716731800000005
29,18,0.014052745200000001
33,18,0.0011282515
34,18,0.001541964
35,18,0.0022315095
36,18,0.0035160635
37,18,0.006335265400000001
38,18,0.0078766553
39,18,0.0146956375
40,18,0.0143137383
47,18,0.0011433768
48,18,0.0015657557
49,18,0.0022740487
50,18,0.0035993355
51,18,0.0060233031
52,18,0.0041045776
53,18,0.0050546535
54,18,0.0059161073
63,18,0.0011583459
64,18,0.0015870263000000002
65,18,0.0023147121
66,18,0.0036688981000000003
67,18,0.0034188120000000002
68,18,0.0034079029000000003
69,18,0.0012132447
79,18,0.0011731403000000001
80,18,0.0014487175000000001
81,18,0.0022683889
82,18,0.0023254884000000003
83,18,0.0021513763
84,18,0.0022332146
85,18,0.0022502109
97,18,0.001229031
98,18,0.0013352490000000002
99,18,0.0015467244000000001
100,18,0.0012543262000000001
113,18,0.0011139032000000001
117,18,0.0011495827000000001
0,19,0.0015371088
1,19,0.0022249432
2,19,0.0035013247000000003
3,19,0.0063301021
4,19,0.0146701691
5,19,0.0146825459
6,19,0.0015153101
7,19,0.0021834687000000003
8,19,0.0034340339000000003
9,19,0.0061492025
10,19,0.0140382639
11,19,0.058691398900000004
12,19,0.0587063197
13,19,0.0014939084
14,19,0.0021512038000000002
15,19,0.0033612199000000002
16,19,0.0059754418
17,19,0.013444616500000001
18,19,0.053777988900000004
22,19,0.0011129505
23,19,0.0015179631
24,19,0.0021921791
25,19,0.0034331141
26,19,0.0061604336
27,19,0.0133762575
28,19,0.058820338800000004
29,19,0.058722215800000005
34,19,0.0011282017000000001
35,19,0.0015407165
36,19,0.0022307888
37,19,0.0035120631
38,19,0.0033992698
39,19,0.0147083755
40,19,0.0143263599
48,19,0.0011433145
49,19,0.0015656626
50,19,0.0022738971
51,19,0.0033151357
52,19,0.0041069054
53,19,0.0050575736
54,19,0.005919584800000001
64,19,0.0011565703
65,19,0.0015892454000000001
66,19,0.0023081098
67,19,0.0034202375
68,19,0.0034093522
69,19,0.0012137703
80,19,0.0010537456
81,19,0.0015532079000000001
82,19,0.0023262478
83,19,0.0021520938
84,19,0.0022339744000000003
85,19,0.0022509909
98,19,0.0013356042
99,19,0.0015471452
100,19,0.0012546748
113,19,0.0011141512000000001
117,19,0.001149862
0,20,0.0011701477
6,20,0.0015860605
7,20,0.0015832418
8,20,0.0011561452
13,20,0.0022704622
14,20,0.0022716787
15,20,0.0015639354000000002
16,20,0.0011419417
21,20,0.0146986487
22,20,0.0063455599000000005
23,20,0.0035183983
24,20,0.0022325213
25,20,0.0015383728000000001
26,20,0.0011279566
30,20,0.0036022406000000002
31,20,0.058893442500000004
32,20,0.058701871600000004
33,20,0.0140635169
34,20,0.0061635048000000005
35,20,0.0034402527000000002
36,20,0.0021919870000000003
37,20,0.0015163428
41,20,0.0015895945000000001
42,20,0.0034846366
43,20,0.0062899876000000006
44,20,0.0146671096
45,20,0.0147022561
46,20,0.0146789732
47,20,0.0063435684
48,20,0.0035190609
49,20,0.0022336074
50,20,0.0015425914
51,20,0.0010398323
56,20,0.0015502089
57,20,0.0022770904
58,20,0.0034554594000000003
59,20,0.0065465612
60,20,0.0065392618000000005
61,20,0.0065322524
62,20,0.0065255417
63,20,0.0035953075
64,20,0.0022694375
65,20,0.0015654422
66,20,0.001140264
71,20,0.0011599935
72,20,0.0015839395
73,20,0.0023151103
74,20,0.0036832375
75,20,0.0036801204
76,20,0.0036771207
77,20,0.0036742421000000003
78,20,0.0036714887000000003
79,20,0.0023116949000000003
80,20,0.0014265559
81,20,0.0011151572
88,20,0.0011679211
89,20,0.0016147382
90,20,0.0023577805
91,20,0.0023561667
92,20,0.0023546106000000002
93,20,0.0023531142
94,20,0.0023516797
95,20,0.002350309
96,20,0.0013309962
104,20,0.001092917
105,20,0.0016238685
106,20,0.0016367561
107,20,0.0016358447
108,20,0.0016349666
109,20,0.0015901799
110,20,0.0016136120000000002
111,20,0.0014950309000000001
121,20,0.0012034658
122,20,0.0012028661
123,20,0.0011903034000000001
124,20,0.0010721725
125,20,0.0011952371
126,20,0.0010835412
127,20,0.0010469453
128,20,0.0011483451
0,21,0.0016092328
1,21,0.0011690622
2,21,0.0011679451000000001
6,21,0.0023104183
7,21,0.0023065215
8,21,0.0015866853
9,21,0.0011560972
13,21,0.0035936460000000003
14,21,0.0035960687000000002
15,21,0.0022716033
16,21,0.0015638858000000002
17,21,0.0011419070000000002
20,21,0.0146986487
22,21,0.0146985688
23,21,0.0063454755
24,21,0.0035183397000000003
25,21,0.0022278982
26,21,0.0015415075
27,21,0.0010727023000000001
30,21,0.0022754828
31,21,0.0140854815
32,21,0.058887537600000005
33,21,0.058707095800000005
34,21,0.0140639241
35,21,0.0061588706000000005
36,21,0.0034393233000000003
37,21,0.0021896138000000002
39,21,0.0011141763
41,21,0.0011584638
42,21,0.0022109819
43,21,0.0034873227
44,21,0.006331129400000001
45,21,0.0147250991
46,21,0.0147021623
47,21,0.0146802708
48,21,0.006343877
49,21,0.0035191652
50,21,0.0022336493
51,21,0.0014209179000000001
56,21,0.0011320108
57,21,0.001567854
58,21,0.0021832112
59,21,0.0036037179
60,21,0.0065459131
61,21,0.0065390148
62,21,0.0065324123
63,21,0.0065261147
64,21,0.0035902387
65,21,0.0022728678
66,21,0.0015611523
67,21,0.0010631105
72,21,0.0011543908
73,21,0.0015896568000000001
74,21,0.0023174388
75,21,0.0036828752
76,21,0.0036799248
77,21,0.0036770943
78,21,0.0036743877
79,21,0.0036718089000000002
80,21,0.0020767143
81,21,0.0015296513
82,21,0.0011437561000000001
89,21,0.0011745959
90,21,0.0016145977
91,21,0.00235755
92,21,0.0023560202
93,21,0.0023545495000000002
94,21,0.00235314
95,21,0.0023517936000000002
96,21,0.0019426387
97,21,0.0012100119
105,21,0.0011790394000000001
106,21,0.0016375406
107,21,0.0016366449000000001
108,21,0.0016357822
109,21,0.0015909881
110,21,0.0016144470000000002
111,21,0.0014958179
112,21,0.0012818351
113,21,0.0010993439000000001
122,21,0.0012033497
123,21,0.0011907923
124,21,0.001072622
125,21,0.0011957482
126,21,0.0010840133
127,21,0.0010474097
128,21,0.0011488633
0,22,0.0035928997000000003
1,22,0.0022671550000000003
2,22,0.0022653966
3,22,0.0015627329000000001
4,22,0.0011409080000000002
6,22,0.0063396825
7,22,0.0063311888
8,22,0.0035167296000000003
9,22,0.0022309025
10,22,0.0015401641000000002
11,22,0.0011267592
13,22,0.0140504949
14,22,0.014069233700000001
15,22,0.006161602600000001
16,22,0.0034405988000000003
17,22,0.0021923423
18,22,0.0015180158
19,22,0.0011129505
20,22,0.0063455599000000005
21,22,0.0146985688
23,22,0.0538691766
24,22,0.013467119500000001
25,22,0.005973027200000001
26,22,0.0033666987000000002
27,22,0.0020491542
28,22,0.0014962781
29,22,0.0010992955
30,22,0.0015665463000000001
31,22,0.0061697349
32,22,0.0140845736
33,22,0.058881648800000005
34,22,0.0587123447
35,22,0.0140536305
36,22,0.0061572698
37,22,0.0034356216
38,22,0.0011749478
39,22,0.001519533
40,22,0.0010861756
42,22,0.0015266093
43,22,0.0022127022
44,22,0.003510174
45,22,0.0063563109
46,22,0.0147236359
47,22,0.014702073400000001
48,22,0.0146815746
49,22,0.0063441913
50,22,0.0035192736
51,22,0.0020574847000000003
57,22,0.0011449017
58,22,0.0015032256
59,22,0.0022769069000000003
60,22,0.0036034241
61,22,0.0065452668
62,22,0.0065387698
63,22,0.0065325746
64,22,0.0065171089000000005
65,22,0.0035957295
66,22,0.0022666662
67,22,0.0014555327
68,22,0.0010602491000000001
73,22,0.0011585652000000001
74,22,0.0015912702000000002
75,22,0.0023172426
76,22,0.0036825138
77,22,0.0036797302
78,22,0.0036770692000000003
79,22,0.0036745347
80,22,0.0032986529000000003
81,22,0.0022268308000000002
82,22,0.0015688979
83,22,0.0010585808
90,22,0.0011745031
91,22,0.0016144581
92,22,0.0023573202
93,22,0.0023558745
94,22,0.0023544892
95,22,0.0023531666
96,22,0.0019437924
97,22,0.0017660923
98,22,0.0013151523
99,22,0.0011090146
106,22,0.0011889776000000001
107,22,0.0016373820000000002
108,22,0.0016365342
109,22,0.0015917341
110,22,0.0016152184
111,22,0.0014965456000000002
112,22,0.0012824695
113,22,0.0015134704
123,22,0.0011912420000000001
124,22,0.001073036
125,22,0.0011962193
126,22,0.0010844489
127,22,0.0010478386000000001
128,22,0.0011493424
0,23,0.0065303787000000005
1,23,0.0035884781
2,23,0.0035870074000000003
3,23,0.0022702110000000003
4,23,0.0015626362000000001
5,23,0.0011407715
6,23,0.014689577700000001
7,23,0.0146766146
8,23,0.0063447623
9,23,0.0035165108000000003
10,23,0.0022307821
11,23,0.0015400069
12,23,0.0011250921
13,23,0.058689663100000004
14,23,0.058849803400000004
15,23,0.0140683543
16,23,0.006161298000000001
17,23,0.0034404526000000003
18,23,0.0021922590000000002
19,23,0.0015179631
20,23,0.0035183983
21,23,0.0063454755
22,23,0.0538691766
24,23,0.0538677791
25,23,0.013439141100000001
26,23,0.0059851682
27,23,0.0032017648
28,23,0.0021546152
29,23,0.0014962462
30,23,0.0011438432000000001
31,23,0.0034454167
32,23,0.006169412500000001
33,23,0.0140836807
34,23,0.0588757764
35,23,0.0586728767
36,23,0.0140502549
37,23,0.006150705
38,23,0.0018435678
39,23,0.0021942402
40,23,0.0014813502
42,23,0.0011170044000000001
43,23,0.0015278048
44,23,0.0022272177
45,23,0.0035241778
46,23,0.0063558329
47,23,0.0147221767
48,23,0.0147019895
49,23,0.0146828845
50,23,0.0063445113
51,23,0.0032417523
52,23,0.0014030352
53,23,0.001193969
54,23,0.0010232327
58,23,0.0010977135000000001
59,23,0.0015677500000000001
60,23,0.0022767456
61,23,0.0036031326
62,23,0.0065446223000000005
63,23,0.0065385268000000005
64,23,0.0065231489
65,23,0.0065272688
66,23,0.0035859815
67,23,0.0021133401
68,23,0.0014516275
74,23,0.0011597489
75,23,0.0015911504
76,23,0.0023170479
77,23,0.0036821535000000002
78,23,0.0036795368
79,23,0.0036770453
80,23,0.0033009456
81,23,0.0035371808000000003
82,23,0.0022840005
83,23,0.0014520784
84,23,0.0010992937000000001
91,23,0.0011744112
92,23,0.0016143193
93,23,0.002357091
94,23,0.0023557294
95,23,0.0023544297
96,23,0.0019448548
97,23,0.0017670743
98,23,0.0019195887
99,23,0.0015240657
107,23,0.0011888740000000001
108,23,0.0016372238
109,23,0.0015924189
110,23,0.0016159273
111,23,0.001497215
112,23,0.0012830536000000001
113,23,0.0015141717000000002
114,23,0.0013541586
124,23,0.0010734151000000001
125,23,0.0011966513
126,23,0.0010848488
127,23,0.0010482328000000001
128,23,0.0011497830000000001
0,24,0.00652465
1,24,0.0035904599
2,24,0.0065209808
3,24,0.0035945892
4,24,0.0022700536
5,24,0.0015624412
6,24,0.014670256900000001
7,24,0.014657298000000001
8,24,0.0147076993
9,24,0.006344288500000001
10,24,0.0035162958000000003
11,24,0.0022305443
12,24,0.0015377236000000002
13,24,0.014050308800000001
14,24,0.058695029100000004
15,24,0.0588438759
16,24,0.01406749
17,24,0.0061610017
18,24,0.0034403114000000003
19,24,0.0021921791
20,24,0.0022325213
21,24,0.0035183397000000003
22,24,0.013467119500000001
23,24,0.0538677791
25,24,0.053755916300000005
26,24,0.0134664701
27,24,0.0056919611
28,24,0.0033665487000000003
29,24,0.0021545711
31,24,0.0021955155
32,24,0.0034452591
33,24,0.006169098400000001
34,24,0.0140828028
35,24,0.058825063100000005
36,24,0.058662245200000004
37,24,0.0140355485
38,24,0.0033005250000000003
39,24,0.0034429240000000004
40,24,0.0021391128
43,24,0.0011178835
44,24,0.0015378353
45,24,0.0022361199000000003
46,24,0.0035239560000000004
47,24,0.00635536
48,24,0.014720721800000001
49,24,0.0147019105
50,24,0.0146842004
51,24,0.0058443122
52,24,0.0022106341
53,24,0.0017288912
54,24,0.0013982597
59,24,0.0011448379
60,24,0.0015676504
61,24,0.0022765863000000003
62,24,0.0036028437000000003
63,24,0.0065439796
64,24,0.006528687500000001
65,24,0.0065329063
66,24,0.0065097632
67,24,0.0033434699000000003
68,24,0.0021076944
75,24,0.0011596696
76,24,0.0015910319
77,24,0.0023168545
78,24,0.0036817943
79,24,0.0036793445
80,24,0.0033030473
81,24,0.0035394719
82,24,0.0036280752
83,24,0.0021139673
84,24,0.0015079418000000001
85,24,0.0011080748
92,24,0.0011743201
93,24,0.0016141814
94,24,0.0023568625
95,24,0.0023555851
96,24,0.0019458276
97,24,0.0017679743000000002
98,24,0.0019205835
99,24,0.0022245598
100,24,0.0012364251
108,24,0.0011887709
109,24,0.0015930438
110,24,0.0016165749
111,24,0.0014978272
112,24,0.0012835884000000001
113,24,0.0015148144
114,24,0.0013547434
125,24,0.0011970449
126,24,0.0010852137
127,24,0.0010485929
128,24,0.001150186
132,24,0.001039451
0,25,0.0065057797
1,25,0.0035809295000000002
2,25,0.0065023025
3,25,0.0065212204000000005
4,25,0.0035869206
5,25,0.0022650945000000002
6,25,0.006321093000000001
7,25,0.014609073
8,25,0.0146596052
9,25,0.0146760273
10,25,0.006330799000000001
11,25,0.0035086786
12,25,0.0022226554
13,25,0.0061436301
14,25,0.0140219242
15,25,0.0585799331
16,25,0.058717196900000004
17,25,0.014037768300000001
18,25,0.0061480683
19,25,0.0034331141
20,25,0.0015383728000000001
21,25,0.0022278982
22,25,0.005973027200000001
23,25,0.013439141100000001
24,25,0.053755916300000005
26,25,0.053754718800000004
27,25,0.0127804871
28,25,0.0059726281
29,25,0.0033595731000000003
31,25,0.0015171389
32,25,0.0021909181
33,25,0.0034380352
34,25,0.0061561305
35,25,0.014042328000000001
36,25,0.058682568000000004
37,25,0.0584839697
38,25,0.007516290300000001
39,25,0.0061512489000000005
40,25,0.0033495566000000003
44,25,0.0011229175000000001
45,25,0.0015408211
46,25,0.0022314068000000003
47,25,0.0035165054
48,25,0.0063418484
49,25,0.0146890588
50,25,0.014671660100000001
51,25,0.0134992615
52,25,0.0039772825
53,25,0.0027184959
54,25,0.0020205684
60,25,0.0011424217
61,25,0.001564335
62,25,0.0022717566
63,25,0.0035951627
64,25,0.006520322
65,25,0.0065246274
66,25,0.0065016021
67,25,0.0060572394
68,25,0.0033277507000000002
76,25,0.0011572112
77,25,0.0015876492
78,25,0.0023119075
79,25,0.0036738797
80,25,0.0032981777
81,25,0.0035342913000000003
82,25,0.0036228021
83,25,0.0033511659
84,25,0.0021908216
85,25,0.0015168837000000001
93,25,0.0011718197
94,25,0.0016107315
95,25,0.0023517976000000003
96,25,0.0019427166000000001
97,25,0.0017651633
98,25,0.0019175461
99,25,0.0022210601
100,25,0.0018010431
109,25,0.0011543298
110,25,0.0016138431
111,25,0.0014953078
112,25,0.0012814391000000001
113,25,0.0015122891
114,25,0.0013524946
117,25,0.0011337635
126,25,0.001083316
127,25,0.0010467665000000001
128,25,0.0011481904
132,25,0.0010376734
133,25,0.0011977563
0,26,0.0035882531
1,26,0.0035862678
2,26,0.0065107121000000006
3,26,0.0065297372
4,26,0.0065339704
5,26,0.0035937799
6,26,0.0035122611
7,26,0.0063204019000000005
8,26,0.014672975100000001
9,26,0.0146896878
10,26,0.014704730400000001
11,26,0.0063430150000000005
12,26,0.00351064
13,26,0.0034384359
14,26,0.006156352
15,26,0.014051235700000001
16,26,0.0587058332
17,26,0.0588320722
18,26,0.014065807000000001
19,26,0.0061604336
20,26,0.0011279566
21,26,0.0015415075
22,26,0.0033666987000000002
23,26,0.0059851682
24,26,0.0134664701
25,26,0.053754718800000004
27,26,0.051226571500000005
28,26,0.013465919600000001
29,26,0.0059848011
31,26,0.0011146188
32,26,0.0015202009
33,26,0.0021953366
34,26,0.0034449589
35,26,0.0061637943
36,26,0.0140665444
37,26,0.058734006500000005
38,26,0.0314500001
39,26,0.014066198700000001
40,26,0.0060091369
45,26,0.0011297352
46,26,0.0015439132000000001
47,26,0.0022358755
48,26,0.0035235238
49,26,0.0063544296
50,26,0.0147178245
51,26,0.0135419901
52,26,0.0092249558
53,26,0.0049112399
54,26,0.0031902462
61,26,0.0011447064
62,26,0.0015674563000000002
63,26,0.002276274
64,26,0.0035969848
65,26,0.006542699900000001
66,26,0.006519696100000001
67,26,0.0060741733
68,26,0.006053759000000001
69,26,0.0011877401
77,26,0.0011595142
78,26,0.0015907987
79,26,0.002316472
80,26,0.003306691
81,26,0.0035434504
82,26,0.0036322264000000003
83,26,0.0033599155
84,26,0.0034873788
85,26,0.0022129208
94,26,0.0011741405000000001
95,26,0.0016139083000000002
96,26,0.0019475108
97,26,0.0017695343
98,26,0.0019223103
99,26,0.002226596
100,26,0.0018055459
110,26,0.0011742287
111,26,0.0014988844000000002
112,26,0.0012845135
113,26,0.0015159282
114,26,0.0013557584
117,26,0.0015641669
127,26,0.0010492133000000001
128,26,0.0011508818000000001
132,26,0.0010401306
133,26,0.0012005992
0,27,0.0021559891
1,27,0.0034088639
2,27,0.0061875083
3,27,0.0062056645
4,27,0.00620976
5,27,0.006212991
6,27,0.0021195776
7,27,0.0033329904000000002
8,27,0.0060245728
9,27,0.013955773400000001
